0 0.2812006319115324 0.11084481725584182 0.1358609794628752 0.1030557219892151
0 0.5387045813586098 0.10665068903535051 0.052132701421800945 0.04313960455362493
0 0.6453396524486572 0.10784901138406232 0.05687203791469194 0.046734571599760334
0 0.7535545023696683 0.10724985020970641 0.052132701421800945 0.04433792690233673
0 0.8672985781990521 0.10575194727381666 0.05845181674565561 0.04733373277411624
0 0.877172195892575 0.19292989814260036 0.06240126382306477 0.04433792690233673
0 0.8645339652448657 0.23217495506291194 0.05134281200631911 0.029358897543439184
0 0.7819905213270142 0.2579388855602157 0.08056872037914692 0.06530856800479329
0 0.7373617693522907 0.18573996405032955 0.08609794628751975 0.06470940683043738
0 0.8116113744075829 0.16626722588376275 0.052922590837282776 0.02696225284601558
0 0.27567140600315954 0.6590772917914919 0.05529225908372828 0.04793289394847214
0 0.3345181674565561 0.6479928100659077 0.04186413902053712 0.02456560814859197
0 0.4814375987361769 0.6596764529658479 0.06714060031595577 0.05032953864589575
0 0.6342812006319115 0.6581785500299581 0.07424960505529225 0.053325344517675254
0 0.6990521327014217 0.7052127022168964 0.05687203791469194 0.0347513481126423
0 0.7033965244865719 0.7708208508088676 0.09083728278041074 0.07609346914319952
0 0.5722748815165877 0.7085080886758538 0.05766192733017377 0.029358897543439184
0 0.5734597156398105 0.7693229478729778 0.0947867298578199 0.07309766327142002
0 0.33649289099526064 0.7609346914319952 0.10900473933649289 0.05032953864589575
