0 0.2116903633491311 0.10455362492510485 0.08688783570300158 0.05092869982025165
0 0.4597156398104265 0.11204313960455363 0.07740916271721959 0.02756141402037148
0 0.5525276461295419 0.11204313960455363 0.0703001579778831 0.026363091671659677
0 0.6465244865718799 0.11144397843019772 0.1066350710900474 0.03714799281006591
0 0.7657977883096366 0.11264230077890953 0.1240126382306477 0.02756141402037148
0 0.7069510268562401 0.1737567405632115 0.18325434439178515 0.052726183343319355
0 0.46524486571879936 0.17225883762732175 0.2211690363349131 0.05452366686638706
0 0.7022116903633491 0.2597363690832834 0.18009478672985782 0.053325344517675254
0 0.4703791469194313 0.25943678849610546 0.19510268562401265 0.052726183343319355
0 0.26105845181674564 0.2606351108448173 0.165086887835703 0.05032953864589575
0 0.26342812006319116 0.17225883762732175 0.15086887835703 0.05212702216896345
0 0.27290679304897314 0.3529059316956261 0.2014218009478673 0.05632115038945477
0 0.4830173775671406 0.35380467345716 0.20616113744075829 0.053325344517675254
0 0.6974723538704581 0.35350509286998205 0.19273301737756715 0.05392450569203116
0 0.6994470774091627 0.44667465548232477 0.1966824644549763 0.05452366686638706
0 0.4861769352290679 0.4481725584182145 0.1919431279620853 0.052726183343319355
0 0.2804107424960505 0.44667465548232477 0.20695102685624012 0.053325344517675254
0 0.3499210110584518 0.542240862792091 0.22906793048973143 0.05751947273816657
0 0.6307266982622433 0.543139604553625 0.2093206951026856 0.06890353505092871
