0 0.2815955766192733 0.14499700419412823 0.13665086887835703 0.039544637507489516
0 0.47472353870458134 0.14679448771719594 0.11058451816745656 0.039544637507489516
0 0.7156398104265402 0.22168963451168364 0.13902053712480253 0.039544637507489516
0 0.509478672985782 0.225584182144997 0.1406003159557662 0.040143798681845415
0 0.28751974723538704 0.22468544038346316 0.14218009478672985 0.04074295985620132
0 0.590047393364929 0.38106650689035354 0.18641390205371247 0.05032953864589575
0 0.39652448657187994 0.37777112043139605 0.1895734597156398 0.04973037747153985
0 0.6769352290679305 0.48741761533852607 0.16429699842022116 0.053325344517675254
0 0.6172985781990521 0.6009586578789694 0.17772511848341233 0.05392450569203116
0 0.46248025276461296 0.48142600359496707 0.13191153238546605 0.04134212103055722
0 0.3203001579778831 0.4409826243259437 0.08609794628751975 0.039544637507489516
0 0.3234597156398104 0.48082684242061113 0.09399684044233807 0.0341521869382864
0 0.3084518167456556 0.518573996405033 0.0655608214849921 0.03654883163571001
0 0.30924170616113744 0.5632115038945477 0.06872037914691943 0.046734571599760334
