0 0.12756714060031596 0.10724985020970641 0.08925750394944708 0.041941282204913125
0 0.23933649289099526 0.10635110844817255 0.09320695102685624 0.04733373277411624
0 0.33767772511848343 0.10724985020970641 0.07187993680884676 0.046734571599760334
0 0.44273301737756715 0.10635110844817255 0.08293838862559241 0.04733373277411624
0 0.3424170616113744 0.17855002995805871 0.10031595576619273 0.08867585380467347
0 0.21879936808846762 0.17825044937088078 0.10268562401263823 0.08807669263031756
0 0.7211690363349131 0.09916117435590174 0.07740916271721959 0.040143798681845415
0 0.712085308056872 0.15757938885560216 0.054502369668246446 0.021569802276812464
0 0.7101105845181674 0.19173157579388855 0.05529225908372828 0.02037147992810066
0 0.7112954186413902 0.22408627920910726 0.05608214849921011 0.021569802276812464
0 0.6074249605055292 0.1578789694427801 0.06635071090047394 0.03175554224086279
0 0.6050552922590837 0.19233073696824446 0.06951026856240126 0.033553025763930495
0 0.6042654028436019 0.22528460155781907 0.0631911532385466 0.026363091671659677
0 0.6074249605055292 0.25704014379868184 0.07109004739336493 0.03235470341521869
0 0.7124802527646129 0.2573397243858598 0.052132701421800945 0.020970641102456562
0 0.6066350710900474 0.2962852007189934 0.0679304897314376 0.0341521869382864
0 0.7109004739336493 0.2956860395446375 0.06951026856240126 0.04373876572798083
0 0.6066350710900474 0.3346315158777711 0.06477093206951026 0.03175554224086279
0 0.712085308056872 0.33582983822648294 0.09873617693522907 0.035350509286998205
0 0.6074249605055292 0.3744757339724386 0.07109004739336493 0.033553025763930495
0 0.7124802527646129 0.37417615338526067 0.09794628751974724 0.03654883163571001
0 0.6066350710900474 0.4140203714799281 0.0679304897314376 0.033553025763930495
0 0.7112954186413902 0.41431995206710603 0.09873617693522907 0.0341521869382864
0 0.7112954186413902 0.4490713001797484 0.10031595576619273 0.0341521869382864
0 0.608609794628752 0.44847213900539246 0.0655608214849921 0.029358897543439184
0 0.6058451816745656 0.487717195925704 0.07424960505529225 0.0347513481126423
0 0.7128751974723538 0.48711803475134813 0.09399684044233807 0.028759736369083286
0 0.7116903633491312 0.5287597363690832 0.0995260663507109 0.0329538645895746
0 0.6058451816745656 0.5287597363690832 0.07898894154818326 0.03654883163571001
0 0.6078199052132701 0.5680047932893949 0.07661927330173776 0.0347513481126423
0 0.7124802527646129 0.5680047932893949 0.08846761453396525 0.028759736369083286
0 0.7112954186413902 0.6069502696225285 0.10031595576619273 0.035949670461354104
0 0.6062401263823065 0.6075494307968844 0.08293838862559241 0.035949670461354104
