0 0.32109004739336494 0.12222887956860395 0.1240126382306477 0.07549430796884363
0 0.36334913112164297 0.23277411623726782 0.07266982622432859 0.05572198921509886
0 0.358609794628752 0.29059316956261233 0.07266982622432859 0.05512282804074296
0 0.3590047393364929 0.35829838226482924 0.0703001579778831 0.06710605152786099
0 0.3566350710900474 0.4254044337926902 0.06872037914691943 0.06111443978430198
0 0.36018957345971564 0.49370880766926306 0.06477093206951026 0.05751947273816657
0 0.3669036334913112 0.5473337327741162 0.08451816745655608 0.04493708807669263
0 0.36492890995260663 0.5967645296584781 0.08372827804107424 0.04074295985620132
0 0.36492890995260663 0.6428999400838826 0.08530805687203791 0.04074295985620132
0 0.36532385466034756 0.6944278010784901 0.08451816745655608 0.05152786099460755
