0 0.1702211690363349 0.13810665068903535 0.05608214849921011 0.0341521869382864
0 0.31200631911532384 0.13810665068903535 0.044233807266982623 0.03894547633313361
0 0.4447077409162717 0.12582384661473936 0.06951026856240126 0.08268424206111444
0 0.6133491311216429 0.17765128819652487 0.1018957345971564 0.09047333732774117
0 0.7930489731437599 0.18064709406830437 0.10426540284360189 0.08208508088675855
0 0.7973933649289099 0.29298981426003595 0.1334913112164297 0.08508088675853805
0 0.5829383886255924 0.2914919113241462 0.12164296998420221 0.08208508088675855
0 0.8033175355450237 0.41132414619532653 0.11532385466034754 0.08208508088675855
0 0.3285939968404423 0.24685440383463153 0.08214849921011058 0.04793289394847214
0 0.1820695102685624 0.24895146794487719 0.09873617693522907 0.04493708807669263
0 0.16982622432859398 0.4286998202516477 0.0631911532385466 0.04493708807669263
0 0.3230647709320695 0.42180946674655484 0.0679304897314376 0.06351108448172559
