0 0.1848341232227488 0.22828040742959857 0.11374407582938388 0.05632115038945477
0 0.35347551342812006 0.22947872977831038 0.14139020537124802 0.05512282804074296
0 0.3791469194312796 0.29179149191132414 0.05055292259083728 0.022768124625524265
0 0.37796208530805686 0.3211503894547633 0.054502369668246446 0.025164769322947873
0 0.2033965244865719 0.29179149191132414 0.02764612954186414 0.022768124625524265
0 0.20497630331753555 0.3214499700419413 0.026066350710900472 0.018573996405032954
0 0.20458135860979462 0.3517076093469143 0.02527646129541864 0.02037147992810066
0 0.20497630331753555 0.37597363690832836 0.04186413902053712 0.018573996405032954
0 0.20458135860979462 0.40053924505692035 0.0679304897314376 0.022168963451168366
0 0.1358609794628752 0.445176752546435 0.07898894154818326 0.03235470341521869
0 0.21484992101105846 0.44637507489514683 0.03475513428120063 0.04074295985620132
0 0.3838862559241706 0.4409826243259437 0.17061611374407581 0.04793289394847214
0 0.37796208530805686 0.35140802875973637 0.0655608214849921 0.02456560814859197
0 0.3783570300157978 0.3762732174955063 0.044233807266982623 0.025164769322947873
0 0.2132701421800948 0.7064110245656081 0.10742496050552923 0.03834631515877771
0 0.36295418641390204 0.7010185739964051 0.13191153238546605 0.05152786099460755
0 0.532780410742496 0.701318154583583 0.13191153238546605 0.05452366686638706
0 0.22709320695102686 0.7648292390653085 0.12085308056872038 0.05212702216896345
0 0.45142180094786727 0.7642300778909527 0.2093206951026856 0.04973037747153985
0 0.7191943127962085 0.7028160575194727 0.13507109004739337 0.05871779508687837
0 0.7239336492890995 0.7657279808268425 0.2282780410742496 0.05392450569203116
0 0.593996840442338 0.8529059316956261 0.20537124802527645 0.053325344517675254
0 0.2705371248025276 0.8553025763930497 0.2014218009478673 0.05452366686638706
