0 0.2910742496050553 0.15098861593768725 0.17772511848341233 0.06351108448172559
0 0.6141390205371248 0.13511084481725585 0.14454976303317535 0.06291192330736968
0 0.7819905213270142 0.13870581186339126 0.09794628751974724 0.056920311563810666
0 0.6753554502369669 0.22168963451168364 0.14691943127962084 0.06351108448172559
0 0.8127962085308057 0.3118633912522469 0.14533965244865718 0.07729179149191133
0 0.622827804107425 0.3115638106650689 0.15086887835703 0.07789095266626722
0 0.3467614533965245 0.3313361294188137 0.11058451816745656 0.07789095266626722
0 0.19470774091627172 0.3331336129418814 0.11611374407582938 0.08268424206111444
0 0.18562401263823064 0.23067705212702216 0.10110584518167456 0.06231276213301378
0 0.33886255924170616 0.23097663271420013 0.11216429699842022 0.06171360095865788
0 0.3744075829383886 0.45056920311563814 0.11058451816745656 0.07908927501497903
0 0.18404423380726698 0.45865787896944277 0.10268562401263823 0.06291192330736968
0 0.3744075829383886 0.5509286998202516 0.11058451816745656 0.07849011384062313
0 0.6137440758293838 0.488016776512882 0.13270142180094788 0.06411024565608149
0 0.18285939968404424 0.5581186339125225 0.1066350710900474 0.06530856800479329
0 0.8120063191153238 0.4886159376872379 0.14533965244865718 0.06411024565608149
0 0.8392575039494471 0.5775913720790893 0.07819905213270142 0.0683043738765728
0 0.6662717219589257 0.5835829838226483 0.1382306477093207 0.07789095266626722
