0 0.2740916271721959 0.1354104254044338 0.13902053712480253 0.06111443978430198
0 0.7274881516587678 0.13810665068903535 0.1311216429699842 0.06530856800479329
0 0.7997630331753555 0.2201917315757939 0.11611374407582938 0.06171360095865788
0 0.6354660347551343 0.21959257040143798 0.12243285939968404 0.06411024565608149
0 0.7369668246445498 0.30826842420611145 0.1263823064770932 0.07849011384062313
0 0.3637440758293839 0.22168963451168364 0.14928909952606634 0.08028759736369083
0 0.1970774091627172 0.22049131216297185 0.1429699842022117 0.07789095266626722
0 0.29067930489731436 0.4376872378669862 0.1263823064770932 0.06411024565608149
0 0.6327014218009479 0.5332534451767525 0.11690363349131122 0.0659077291791492
0 0.7977883096366508 0.524266027561414 0.11532385466034754 0.07908927501497903
0 0.6970774091627172 0.621929298981426 0.13507109004739337 0.07789095266626722
0 0.3811216429699842 0.6060515278609946 0.11295418641390205 0.08088675853804674
0 0.2160347551342812 0.5227681246255242 0.1287519747235387 0.06291192330736968
0 0.18285939968404424 0.6138406231276213 0.10347551342812006 0.06411024565608149
