0 0.49881516587677727 0.13451168364289995 0.08609794628751975 0.05811863391252247
0 0.3692733017377567 0.2825044937088077 0.0971563981042654 0.03654883163571001
0 0.3613744075829384 0.33942480527261837 0.11611374407582938 0.04134212103055722
0 0.3625592417061611 0.3999400838825644 0.11374407582938388 0.040143798681845415
0 0.3590047393364929 0.46075494307968845 0.12243285939968404 0.03834631515877771
0 0.36018957345971564 0.5197723187537447 0.12006319115323855 0.040143798681845415
0 0.35821484992101105 0.5811863391252247 0.1287519747235387 0.03714799281006591
0 0.3617693522906793 0.6396045536249251 0.11690363349131122 0.040143798681845415
0 0.36216429699842023 0.6995206710605153 0.11927330173775672 0.04134212103055722
0 0.3637440758293839 0.7576393049730378 0.11453396524486571 0.048532055122828044
