0 0.2839652448657188 0.5080886758538047 0.20458135860979462 0.05632115038945477
0 0.5857030015797788 0.5254643499101258 0.13507109004739337 0.03834631515877771
0 0.7993680884676145 0.5290593169562613 0.17061611374407581 0.04074295985620132
0 0.31990521327014215 0.6393049730377471 0.08846761453396525 0.022768124625524265
0 0.21090047393364927 0.6722588376273217 0.11216429699842022 0.041941282204913125
0 0.4735387045813586 0.6761533852606352 0.19036334913112163 0.05212702216896345
0 0.7606635071090048 0.6695626123427202 0.20063191153238547 0.05212702216896345
0 0.6208530805687204 0.7786099460754943 0.24328593996840442 0.048532055122828044
0 0.2539494470774092 0.7741162372678251 0.08293838862559241 0.026363091671659677
0 0.28515007898894157 0.8708807669263032 0.2669826224328594 0.048532055122828044
0 0.6311216429699842 0.8636908328340324 0.19747235387045814 0.048532055122828044
0 0.618088467614534 0.33523067705212706 0.08293838862559241 0.014979029358897543
0 0.7377567140600316 0.3463151587777112 0.0995260663507109 0.025164769322947873
