0 0.2646129541864139 0.11443978430197724 0.18009478672985782 0.1030557219892151
0 0.5043443917851501 0.11623726782504494 0.2804107424960505 0.06470940683043738
0 0.7389415481832543 0.121929298981426 0.17772511848341233 0.09646494907130018
0 0.6263823064770931 0.2726183343319353 0.16903633491311215 0.08388256440982625
0 0.44036334913112163 0.2711204313960455 0.16982622432859398 0.08448172558418214
0 0.2559241706161137 0.26333133612941884 0.16903633491311215 0.10365488316357101
0 0.4881516587677725 0.4281006590772918 0.325434439178515 0.15278609946075494
0 0.28791469194312796 0.6249251048532055 0.17772511848341233 0.1018573996405033
0 0.5631911532385466 0.6066506890353506 0.07898894154818326 0.040143798681845415
0 0.7349921011058451 0.5623127621330138 0.07819905213270142 0.04493708807669263
0 0.8499210110584519 0.603355302576393 0.07898894154818326 0.05032953864589575
0 0.8333333333333334 0.6656680647094069 0.07109004739336493 0.03714799281006591
0 0.8759873617693523 0.6992210904733374 0.08056872037914692 0.029958058717795086
0 0.7215639810426541 0.6270221689634512 0.0339652448657188 0.03055721989215099
0 0.8815165876777251 0.7471539844218095 0.09162717219589257 0.03115638106650689
0 0.7859399684044234 0.7477531455961653 0.0679304897314376 0.03714799281006591
0 0.5679304897314376 0.7483523067705213 0.0679304897314376 0.035949670461354104
0 0.5596366508688784 0.6656680647094069 0.08293838862559241 0.041941282204913125
0 0.683649289099526 0.7088076692630317 0.14928909952606634 0.09227082085080887
