0 0.5928120063191153 0.10934691431995207 0.035545023696682464 0.04493708807669263
0 0.5860979462875198 0.1512881965248652 0.0315955766192733 0.0329538645895746
0 0.5477883096366508 0.14559616536848413 0.029225908372827805 0.0347513481126423
0 0.5726698262243286 0.2043139604553625 0.0315955766192733 0.04313960455362493
0 0.5924170616113744 0.2543439185140803 0.030015797788309637 0.046135410425404436
0 0.5454186413902053 0.24895146794487719 0.04818325434439179 0.025763930497303775
0 0.1769352290679305 0.3550029958058718 0.045813586097946286 0.06051527860994608
0 0.2377567140600316 0.3559017375674056 0.052132701421800945 0.05751947273816657
0 0.3080568720379147 0.3562013181545836 0.07266982622432859 0.035350509286998205
0 0.3842812006319115 0.35530257639304974 0.04660347551342812 0.05152786099460755
0 0.443127962085308 0.3562013181545836 0.04739336492890995 0.05212702216896345
0 0.4443127962085308 0.42180946674655484 0.04028436018957346 0.04913121629718394
0 0.38270142180094785 0.4224086279209107 0.04028436018957346 0.05392450569203116
0 0.30173775671406 0.42001198322348715 0.037914691943127965 0.05392450569203116
0 0.23657187993680884 0.4215098861593769 0.045023696682464455 0.053325344517675254
0 0.1773301737756714 0.4191132414619533 0.04818325434439179 0.048532055122828044
0 0.17535545023696683 0.48412222887956863 0.05845181674565561 0.029958058717795086
0 0.23420221169036334 0.4859197124026363 0.045023696682464455 0.05152786099460755
0 0.3080568720379147 0.48322348711803476 0.06951026856240126 0.0329538645895746
