0 0.3195102685624013 0.16177351707609347 0.08135860979462875 0.07669263031755542
0 0.5169826224328594 0.1578789694427801 0.14770932069510267 0.12043139604553625
0 0.7239336492890995 0.09646494907130018 0.1287519747235387 0.0659077291791492
0 0.7282780410742496 0.1824445775913721 0.11532385466034754 0.0677052127022169
0 0.28988941548183256 0.3690832834032355 0.12480252764612954 0.08987417615338526
0 0.4277251184834123 0.36848412222887955 0.12559241706161137 0.09227082085080887
0 0.570695102685624 0.36069502696225286 0.1240126382306477 0.10545236668663871
0 0.707740916271722 0.3702816057519473 0.12322274881516587 0.08867585380467347
0 0.43759873617693523 0.5116836428999401 0.15007898894154817 0.13061713600958658
0 0.6248025276461295 0.5074895146794488 0.0995260663507109 0.09227082085080887
