0 0.2112954186413902 0.11144397843019772 0.15876777251184834 0.10784901138406232
0 0.36808846761453395 0.10874775314559616 0.12954186413902052 0.1024565608148592
0 0.3147709320695103 0.18154583582983824 0.04028436018957346 0.019173157579388856
0 0.7180094786729858 0.1195326542840024 0.11374407582938388 0.07489514679448772
0 0.6714060031595577 0.17405632115038946 0.07898894154818326 0.03175554224086279
0 0.674565560821485 0.3199520671060515 0.08056872037914692 0.03714799281006591
0 0.7184044233807267 0.38286399041342123 0.1066350710900474 0.07549430796884363
0 0.3791469194312796 0.28190533253445177 0.15481832543443919 0.08208508088675855
0 0.1769352290679305 0.29179149191132414 0.15323854660347552 0.09706411024565609
0 0.18246445497630331 0.4092270820850809 0.16587677725118483 0.07070101857399641
0 0.3838862559241706 0.40772917914919116 0.16429699842022116 0.06291192330736968
0 0.16113744075829384 0.5194727381665668 0.12796208530805686 0.09826243259436789
0 0.36729857819905215 0.511983223487118 0.1311216429699842 0.07489514679448772
