0 0.18048973143759872 0.1548831635710006 0.08767772511848342 0.046135410425404436
0 0.33965244865718797 0.14080287597363692 0.17851500789889416 0.12103055721989216
0 0.5631911532385466 0.16506890353505094 0.0679304897314376 0.04373876572798083
0 0.6761453396524486 0.14949071300179748 0.09162717219589257 0.0665068903535051
0 0.7973933649289099 0.14979029358897544 0.0924170616113744 0.06710605152786099
0 0.5979462875197472 0.2504493708807669 0.09004739336492891 0.06710605152786099
0 0.7345971563981043 0.26333133612941884 0.06635071090047394 0.04493708807669263
0 0.8230647709320695 0.24625524266027563 0.10584518167456555 0.08148591971240264
0 0.5762243285939969 0.33403235470341525 0.09873617693522907 0.03894547633313361
0 0.6978672985781991 0.3334331935290593 0.1334913112164297 0.04373876572798083
0 0.8384676145339652 0.3310365488316357 0.1334913112164297 0.04373876572798083
0 0.5963665086887836 0.3927501497902936 0.12796208530805686 0.03774715398442181
0 0.744865718799368 0.39304973037747154 0.14533965244865718 0.04793289394847214
0 0.5560821484992101 0.5566207309766327 0.08372827804107424 0.035949670461354104
0 0.6753554502369669 0.5542240862792092 0.08688783570300158 0.046734571599760334
0 0.8179304897314376 0.5524266027561414 0.11137440758293839 0.05152786099460755
0 0.8692733017377567 0.6207309766327143 0.09083728278041074 0.039544637507489516
0 0.7302527646129542 0.6183343319352906 0.1066350710900474 0.05632115038945477
0 0.5805687203791469 0.6246255242660276 0.11848341232227488 0.05092869982025165
