0 0.25631911532385465 0.13151587777112042 0.14139020537124802 0.04733373277411624
0 0.36729857819905215 0.16117435590173756 0.08372827804107424 0.039544637507489516
0 0.5122432859399684 0.1336129418813661 0.1382306477093207 0.05512282804074296
0 0.7496050552922591 0.13421210305572198 0.13428120063191154 0.06231276213301378
0 0.7365718799368088 0.26452965847813065 0.08609794628751975 0.08448172558418214
0 0.54739336492891 0.2651288196524865 0.11216429699842022 0.08448172558418214
0 0.33609794628751977 0.2636309167165968 0.09083728278041074 0.08987417615338526
0 0.24289099526066352 0.243858597962852 0.04186413902053712 0.028759736369083286
0 0.3088467614533965 0.4203115638106651 0.08214849921011058 0.06291192330736968
0 0.5078988941548184 0.42180946674655484 0.07582938388625593 0.06470940683043738
0 0.636255924170616 0.42180946674655484 0.07819905213270142 0.06470940683043738
0 0.6192733017377567 0.5176752546434991 0.08372827804107424 0.04553624925104853
0 0.5071090047393365 0.5194727381665668 0.07582938388625593 0.04313960455362493
0 0.30963665086887837 0.5158777711204314 0.07266982622432859 0.041941282204913125
0 0.28278041074249605 0.6629718394248053 0.06951026856240126 0.04254044337926902
0 0.3909952606635071 0.6623726782504494 0.06951026856240126 0.04373876572798083
0 0.15126382306477093 0.8121629718394249 0.06872037914691943 0.06051527860994608
0 0.3736176935229068 0.8115638106650689 0.12480252764612954 0.08088675853804674
0 0.49565560821484994 0.8103654883163571 0.11927330173775672 0.08328340323547034
0 0.7065560821484992 0.811264230077891 0.11295418641390205 0.08148591971240264
0 0.8226698262243286 0.810964649490713 0.11769352290679305 0.08208508088675855
