0 0.22472353870458137 0.15098861593768725 0.07345971563981042 0.09107249850209706
0 0.30726698262243285 0.14679448771719594 0.07424960505529225 0.1006590772917915
0 0.4490521327014218 0.14349910125823848 0.146129541864139 0.056920311563810666
0 0.6046603475513428 0.14349910125823848 0.1334913112164297 0.12043139604553625
0 0.6390205371248026 0.3118633912522469 0.2796208530805687 0.14679448771719594
0 0.3404423380726698 0.3190533253445177 0.2796208530805687 0.14799281006590773
0 0.330173775671406 0.6962252846015579 0.18009478672985782 0.12342720191731577
0 0.707345971563981 0.6821449970041942 0.18088467614533965 0.12402636309167166
0 0.33767772511848343 0.5464349910125824 0.1429699842022117 0.05991611743559017
0 0.5205371248025277 0.5518274415817855 0.14375987361769352 0.0695026962252846
