0 0.20418641390205372 0.1288196524865189 0.08609794628751975 0.06470940683043738
0 0.2985781990521327 0.1324146195326543 0.07740916271721959 0.05751947273816657
0 0.4225908372827804 0.1207309766327142 0.14533965244865718 0.07489514679448772
0 0.5631911532385466 0.11863391252246855 0.11532385466034754 0.07070101857399641
0 0.6457345971563981 0.13511084481725585 0.09557661927330173 0.048532055122828044
0 0.7756714060031595 0.12492510485320552 0.12954186413902052 0.0677052127022169
0 0.7808056872037915 0.23756740563211504 0.1066350710900474 0.09167165967645297
0 0.6646919431279621 0.22887956860395448 0.08135860979462875 0.05871779508687837
0 0.560821484992101 0.22977831036548832 0.11216429699842022 0.06051527860994608
0 0.4304897314375987 0.23636908328340325 0.11058451816745656 0.0677052127022169
0 0.3068720379146919 0.23397243858597963 0.09557661927330173 0.05572198921509886
0 0.2132701421800948 0.23187537447573398 0.10584518167456555 0.07429598562013182
0 0.3467614533965245 0.3385260635110845 0.09162717219589257 0.08508088675853805
0 0.46208530805687204 0.33792690233672856 0.10584518167456555 0.07549430796884363
0 0.589652448657188 0.34541641701617737 0.12243285939968404 0.05452366686638706
0 0.7417061611374407 0.34301977231875375 0.1721958925750395 0.06530856800479329
0 0.21287519747235387 0.3427201917315758 0.10347551342812006 0.07070101857399641
0 0.22195892575039494 0.444877171959257 0.12006319115323855 0.053325344517675254
0 0.35545023696682465 0.4478729778310366 0.11216429699842022 0.06411024565608149
0 0.4881516587677725 0.45356500898741764 0.10742496050552923 0.07669263031755542
0 0.6172985781990521 0.4490713001797484 0.10347551342812006 0.11324146195326543
0 0.7646129541864138 0.44847213900539246 0.11532385466034754 0.07609346914319952
0 0.21287519747235387 0.5781905332534452 0.07977883096366509 0.0683043738765728
0 0.3467614533965245 0.5683043738765728 0.10268562401263823 0.07489514679448772
0 0.48933649289099523 0.5656081485919713 0.1382306477093207 0.07309766327142002
0 0.6315165876777251 0.5805871779508688 0.11611374407582938 0.05392450569203116
0 0.7657977883096366 0.5766926303175555 0.10031595576619273 0.06051527860994608
