0 0.2618483412322275 0.11473936488915519 0.22669826224328593 0.08448172558418214
0 0.4968404423380727 0.12282804074295986 0.2116903633491311 0.07189934092270821
0 0.7365718799368088 0.10994607549430797 0.2235387045813586 0.09406830437387657
0 0.636255924170616 0.2546434991012582 0.21090047393364927 0.07549430796884363
0 0.34834123222748814 0.2567405632115039 0.20537124802527645 0.0665068903535051
0 0.2918641390205371 0.3588975434391852 0.18878357030015797 0.0683043738765728
0 0.4932859399684044 0.36009586578789693 0.18878357030015797 0.0659077291791492
0 0.6990521327014217 0.359796285200719 0.20537124802527645 0.0665068903535051
0 0.25552922590837285 0.5014979029358898 0.21090047393364927 0.07070101857399641
0 0.49881516587677727 0.5026962252846016 0.21090047393364927 0.07309766327142002
0 0.7365718799368088 0.5017974835230677 0.2156398104265403 0.0713001797483523
0 0.7421011058451816 0.6414020371479928 0.21406003159557663 0.07369682444577591
0 0.49921011058451814 0.6420011983223487 0.2116903633491311 0.07249850209706411
0 0.25631911532385465 0.6408028759736369 0.21090047393364927 0.06890353505092871
