0 0.457740916271722 0.16057519472738166 0.05134281200631911 0.035949670461354104
0 0.45932069510268564 0.2037147992810066 0.052922590837282776 0.03714799281006591
0 0.4585308056872038 0.24355901737567406 0.04976303317535545 0.029358897543439184
0 0.4569510268562401 0.28579988016776514 0.05134281200631911 0.03235470341521869
0 0.45813586097946285 0.3271420011983224 0.052132701421800945 0.03235470341521869
0 0.45813586097946285 0.3678849610545237 0.045813586097946286 0.03235470341521869
0 0.45813586097946285 0.4074295985620132 0.045813586097946286 0.03115638106650689
0 0.42812006319115326 0.4478729778310366 0.045813586097946286 0.03175554224086279
0 0.43285939968404424 0.48831635710005994 0.044233807266982623 0.03235470341521869
0 0.4585308056872038 0.5293588975434392 0.045023696682464455 0.03175554224086279
0 0.28751974723538704 0.7393648891551827 0.10268562401263823 0.09346914319952067
0 0.46011058451816744 0.7354703415218694 0.09873617693522907 0.09766327142001198
0 0.6678515007898894 0.7369682444577591 0.18404423380726698 0.09826243259436789
