0 0.28949447077409163 0.14709406830437388 0.12559241706161137 0.06411024565608149
0 0.4640600315955766 0.10155781905332535 0.03238546603475513 0.03175554224086279
0 0.4782780410742496 0.1366087477531456 0.04344391785150079 0.02756141402037148
0 0.4676145339652449 0.1719592570401438 0.03949447077409163 0.03834631515877771
0 0.5971563981042654 0.1012582384661474 0.04107424960505529 0.035949670461354104
0 0.6275671406003159 0.14140203714799282 0.07187993680884676 0.028759736369083286
0 0.6109794628751974 0.17525464349910128 0.038704581358609796 0.029358897543439184
0 0.7389415481832543 0.10215698022768124 0.04028436018957346 0.03175554224086279
0 0.5296208530805687 0.5134811264230078 0.07187993680884676 0.0347513481126423
0 0.7081358609794629 0.5083882564409826 0.07819905213270142 0.04373876572798083
