0 0.2958135860979463 0.12372678250449372 0.05608214849921011 0.022168963451168366
0 0.37085308056872035 0.1189334931096465 0.07187993680884676 0.040143798681845415
0 0.6153238546603476 0.12702216896345117 0.0995260663507109 0.05152786099460755
0 0.6208530805687204 0.19712402636309168 0.12954186413902052 0.0695026962252846
0 0.3740126382306477 0.18993409227082086 0.09399684044233807 0.046734571599760334
0 0.47235387045813587 0.19203115638106652 0.0679304897314376 0.03055721989215099
0 0.2930489731437599 0.19292989814260036 0.04739336492890995 0.022768124625524265
0 0.3467614533965245 0.2768124625524266 0.0631911532385466 0.017974835230677052
0 0.4320695102685624 0.27561414020371483 0.08530805687203791 0.02756141402037148
0 0.2835703001579779 0.2774116237267825 0.04107424960505529 0.015578190533253445
0 0.523696682464455 0.2780107849011384 0.05687203791469194 0.021569802276812464
0 0.6646919431279621 0.274415817855003 0.09399684044233807 0.0695026962252846
0 0.6710110584518167 0.3385260635110845 0.12559241706161137 0.05152786099460755
0 0.5671406003159558 0.4092270820850809 0.07898894154818326 0.052726183343319355
0 0.320695102685624 0.40323547034152185 0.042654028436018954 0.02037147992810066
0 0.38783570300157977 0.40533253445176753 0.04739336492890995 0.020970641102456562
0 0.43562401263823064 0.34481725584182144 0.04660347551342812 0.020970641102456562
0 0.5130331753554502 0.34601557819053325 0.05924170616113744 0.020970641102456562
0 0.2843601895734597 0.3376273217495506 0.06477093206951026 0.048532055122828044
0 0.367693522906793 0.34301977231875375 0.04818325434439179 0.020970641102456562
