0 0.12243285939968404 0.13780707010185742 0.08846761453396525 0.07189934092270821
0 0.424565560821485 0.13780707010185742 0.07187993680884676 0.04313960455362493
0 0.5671406003159558 0.1530856800479329 0.053712480252764615 0.08208508088675855
0 0.669826224328594 0.15038945476333135 0.0995260663507109 0.09346914319952067
0 0.8285939968404423 0.2585380467345716 0.14691943127962084 0.08568004793289395
0 0.646129541864139 0.25943678849610546 0.10268562401263823 0.09586578789694428
0 0.5548973143759873 0.2672258837627322 0.05134281200631911 0.07669263031755542
0 0.3988941548183254 0.2097064110245656 0.08846761453396525 0.0347513481126423
0 0.2938388625592417 0.20581186339125226 0.06003159557661927 0.07369682444577591
0 0.20023696682464454 0.22348711803475135 0.0655608214849921 0.08148591971240264
0 0.12519747235387046 0.225584182144997 0.08135860979462875 0.08927501497902936
0 0.10229067930489731 0.39904134212103054 0.04976303317535545 0.05991611743559017
0 0.19352290679304898 0.3957459556620731 0.07266982622432859 0.06530856800479329
0 0.27488151658767773 0.39245056920311566 0.045813586097946286 0.0695026962252846
0 0.3479462875197472 0.39424805272618335 0.05134281200631911 0.0683043738765728
0 0.44075829383886256 0.3987417615338526 0.09004739336492891 0.059316956261234274
0 0.43878357030015797 0.494008388256441 0.04818325434439179 0.06411024565608149
0 0.34834123222748814 0.4952067106051528 0.04739336492890995 0.059316956261234274
0 0.2725118483412322 0.49430796884361894 0.04739336492890995 0.05991611743559017
0 0.16982622432859398 0.49370880766926306 0.04897314375987362 0.06470940683043738
