0 0.23143759873617692 0.13211503894547633 0.10742496050552923 0.053325344517675254
0 0.34873617693522907 0.140203714799281 0.06398104265402843 0.041941282204913125
0 0.5466034755134281 0.13061713600958658 0.15639810426540285 0.052726183343319355
0 0.7330173775671406 0.26423007789095265 0.17851500789889416 0.05751947273816657
0 0.490521327014218 0.26303175554224084 0.15323854660347552 0.05152786099460755
0 0.25631911532385465 0.26333133612941884 0.15876777251184834 0.05092869982025165
0 0.2938388625592417 0.3909526662672259 0.2132701421800948 0.05811863391252247
0 0.6769352290679305 0.41761533852606353 0.1848341232227488 0.07908927501497903
0 0.292259083728278 0.5590173756740563 0.21484992101105846 0.08148591971240264
0 0.2567140600315956 0.7420611144397843 0.1358609794628752 0.07849011384062313
0 0.5252764612954186 0.7480527261833433 0.12480252764612954 0.06890353505092871
0 0.7373617693522907 0.7414619532654284 0.13507109004739337 0.07729179149191133
