0 0.2575039494470774 0.12941881366087477 0.10110584518167456 0.03235470341521869
0 0.46287519747235384 0.15098861593768725 0.15955766192733017 0.04913121629718394
0 0.2353870458135861 0.20730976632714201 0.12006319115323855 0.05152786099460755
0 0.716824644549763 0.15218693828639904 0.20774091627172195 0.04913121629718394
0 0.7097156398104265 0.29718394248052726 0.21090047393364927 0.0659077291791492
0 0.5003949447077409 0.4652486518873577 0.18088467614533965 0.07968843618933494
0 0.3333333333333333 0.5701018573996405 0.05529225908372828 0.03175554224086279
0 0.3333333333333333 0.6054523666866387 0.07898894154818326 0.0341521869382864
0 0.3333333333333333 0.6372079089275016 0.10900473933649289 0.03055721989215099
0 0.3313586097946287 0.6782504493708807 0.06872037914691943 0.04433792690233673
0 0.3329383886255924 0.7225883762732175 0.10031595576619273 0.04433792690233673
0 0.3333333333333333 0.7606351108448173 0.08372827804107424 0.035350509286998205
0 0.6378357030015798 0.5707010185739965 0.11611374407582938 0.035350509286998205
0 0.632306477093207 0.6054523666866387 0.11295418641390205 0.03654883163571001
0 0.631911532385466 0.6402037147992811 0.08056872037914692 0.03055721989215099
0 0.6327014218009479 0.6716596764529659 0.08056872037914692 0.033553025763930495
