0 0.34083728278041076 0.10695026962252846 0.1919431279620853 0.08927501497902936
0 0.48696682464454977 0.10904733373277412 0.1919431279620853 0.08627920910724986
0 0.6844391785150079 0.10695026962252846 0.13981042654028436 0.08687837028160575
0 0.36611374407582936 0.2923906530856801 0.19510268562401265 0.08987417615338526
0 0.5774091627172195 0.24355901737567406 0.05055292259083728 0.016177351707609346
0 0.5951816745655608 0.26632714200119834 0.08767772511848342 0.025763930497303775
0 0.5817535545023697 0.29508687837028164 0.05134281200631911 0.025763930497303775
0 0.5742496050552922 0.3238466147393649 0.04739336492890995 0.02696225284601558
0 0.7184044233807267 0.2390653085680048 0.05766192733017377 0.029958058717795086
0 0.7259083728278041 0.27291791491911327 0.07424960505529225 0.019772318753744758
0 0.731437598736177 0.3055721989215099 0.08530805687203791 0.017974835230677052
0 0.7235387045813586 0.35949670461354105 0.06477093206951026 0.04074295985620132
