0 0.2890995260663507 0.14949071300179748 0.06477093206951026 0.035350509286998205
0 0.42890995260663506 0.14979029358897544 0.09162717219589257 0.028759736369083286
0 0.42890995260663506 0.18813660874775315 0.10110584518167456 0.029958058717795086
0 0.28988941548183256 0.1872378669862193 0.07740916271721959 0.035350509286998205
0 0.29067930489731436 0.23187537447573398 0.07898894154818326 0.04553624925104853
0 0.4304897314375987 0.23277411623726782 0.10742496050552923 0.04373876572798083
0 0.4300947867298578 0.28370281605751946 0.0924170616113744 0.04373876572798083
0 0.28791469194312796 0.2843019772318754 0.0655608214849921 0.04733373277411624
0 0.29028436018957343 0.3283403235470342 0.08135860979462875 0.03834631515877771
0 0.42851500789889413 0.329239065308568 0.10505529225908372 0.03175554224086279
0 0.4277251184834123 0.36758538046734573 0.09557661927330173 0.03175554224086279
0 0.4320695102685624 0.41252246854403835 0.13270142180094788 0.04373876572798083
0 0.28988941548183256 0.4131216297183943 0.11374407582938388 0.048532055122828044
0 0.28949447077409163 0.48532055122828044 0.10347551342812006 0.04913121629718394
0 0.43088467614533965 0.47843019772318757 0.1334913112164297 0.048532055122828044
