0 0.36492890995260663 0.14349910125823848 0.1358609794628752 0.07609346914319952
0 0.49447077409162715 0.1431995206710605 0.12322274881516587 0.05991611743559017
0 0.6232227488151658 0.14469742360695026 0.15323854660347552 0.05811863391252247
0 0.4273301737756714 0.2884961054523667 0.037914691943127965 0.016177351707609346
0 0.4265402843601896 0.3316357100059916 0.037914691943127965 0.016177351707609346
0 0.4320695102685624 0.34511683642899943 0.05055292259083728 0.013181545835829839
0 0.4265402843601896 0.36249251048532055 0.036334913112164295 0.02037147992810066
0 0.4265402843601896 0.37986818454164173 0.03949447077409163 0.015578190533253445
0 0.42614533965244866 0.3957459556620731 0.038704581358609796 0.016177351707609346
0 0.4273301737756714 0.41192330736968247 0.03949447077409163 0.016177351707609346
0 0.4265402843601896 0.4275014979029359 0.037914691943127965 0.014979029358897543
0 0.4273301737756714 0.44307968843618933 0.037914691943127965 0.016177351707609346
0 0.42693522906793047 0.4592570401437987 0.04186413902053712 0.014979029358897543
0 0.42614533965244866 0.47543439185140807 0.038704581358609796 0.016177351707609346
0 0.4265402843601896 0.4910125823846615 0.037914691943127965 0.01737567405632115
0 0.42693522906793047 0.5065907729179149 0.038704581358609796 0.014979029358897543
0 0.42693522906793047 0.5224685440383463 0.038704581358609796 0.015578190533253445
0 0.4265402843601896 0.5386458957459557 0.037914691943127965 0.014379868184541643
0 0.42812006319115326 0.5599161174355902 0.037914691943127965 0.019772318753744758
0 0.4273301737756714 0.5820850808867586 0.037914691943127965 0.016177351707609346
0 0.4273301737756714 0.5979628520071899 0.04107424960505529 0.015578190533253445
0 0.42693522906793047 0.6138406231276213 0.038704581358609796 0.016177351707609346
0 0.4265402843601896 0.6303175554224086 0.036334913112164295 0.014379868184541643
0 0.4273301737756714 0.6455961653684842 0.036334913112164295 0.01378070701018574
0 0.4332543443917851 0.6587777112043139 0.04660347551342812 0.012582384661473937
0 0.4320695102685624 0.6698621929298981 0.04739336492890995 0.009586578789694428
0 0.43285939968404424 0.6809466746554823 0.05055292259083728 0.011384062312762133
0 0.4332543443917851 0.6929298981426004 0.04976303317535545 0.011384062312762133
0 0.4332543443917851 0.7049131216297184 0.04976303317535545 0.011384062312762133
0 0.3147709320695103 0.542540443379269 0.04028436018957346 0.020970641102456562
0 0.32187993680884674 0.5638106650689035 0.04976303317535545 0.019173157579388856
