0 0.18878357030015797 0.13511084481725585 0.16587677725118483 0.1012582384661474
0 0.3953396524486572 0.1348112642300779 0.16824644549763032 0.1030557219892151
0 0.6149289099526066 0.13511084481725585 0.165086887835703 0.10365488316357101
0 0.5114533965244865 0.298681845416417 0.16982622432859398 0.09406830437387657
0 0.740521327014218 0.2908927501497903 0.16824644549763032 0.11204313960455363
0 0.8333333333333334 0.43109646494907133 0.16587677725118483 0.09406830437387657
0 0.617693522906793 0.4257040143798682 0.1674565560821485 0.10844817255841822
0 0.4000789889415482 0.42660275614140203 0.16824644549763032 0.10904733373277412
0 0.17614533965244866 0.432893948472139 0.1848341232227488 0.11084481725584182
0 0.5130331753554502 0.5653085680047933 0.16824644549763032 0.12282804074295986
0 0.834913112164297 0.5721989215098862 0.16903633491311215 0.10784901138406232
0 0.8341232227488151 0.7025164769322948 0.16903633491311215 0.11204313960455363
0 0.6153238546603476 0.7121030557219893 0.16587677725118483 0.09167165967645297
0 0.40047393364928907 0.7058118633912522 0.16587677725118483 0.10665068903535051
0 0.18404423380726698 0.7079089275014979 0.16587677725118483 0.1012582384661474
