0 0.43878357030015797 0.13810665068903535 0.1018957345971564 0.07609346914319952
0 0.6074249605055292 0.13061713600958658 0.1358609794628752 0.09107249850209706
0 0.20853080568720378 0.24266027561414022 0.11216429699842022 0.10784901138406232
0 0.3167456556082148 0.25943678849610546 0.10268562401263823 0.07669263031755542
0 0.4364139020537125 0.25284601557819053 0.10031595576619273 0.05032953864589575
0 0.6129541864139021 0.24415817855002997 0.17535545023696683 0.06530856800479329
0 0.7764612954186414 0.25644098262432596 0.1358609794628752 0.09227082085080887
0 0.2985781990521327 0.378370281605752 0.11216429699842022 0.10724985020970641
0 0.43838862559241704 0.3897543439185141 0.10110584518167456 0.07489514679448772
0 0.6141390205371248 0.38106650689035354 0.174565560821485 0.08747753145596165
0 0.773696682464455 0.37896944278010786 0.13191153238546605 0.08687837028160575
0 0.27606635071090047 0.5745955662073098 0.07977883096366509 0.05152786099460755
0 0.38072669826224326 0.5698022768124625 0.08372827804107424 0.04433792690233673
0 0.5225118483412322 0.5778909526662672 0.08925750394944708 0.07729179149191133
0 0.6903633491311216 0.5698022768124625 0.1358609794628752 0.09227082085080887
0 0.2839652448657188 0.677052127022169 0.08451816745655608 0.052726183343319355
0 0.3795418641390205 0.6989215098861594 0.06714060031595577 0.03774715398442181
0 0.4557661927330174 0.6893349310964649 0.08530805687203791 0.07729179149191133
0 0.6409952606635071 0.6809466746554823 0.13665086887835703 0.09167165967645297
