0 0.13270142180094788 0.12852007189934092 0.0995260663507109 0.04493708807669263
0 0.27527646129541866 0.13780707010185742 0.09557661927330173 0.033553025763930495
0 0.42890995260663506 0.14200119832234873 0.10742496050552923 0.046734571599760334
0 0.5497630331753555 0.12822049131216298 0.0631911532385466 0.04553624925104853
0 0.688783570300158 0.1330137807070102 0.10584518167456555 0.05032953864589575
0 0.8360979462875198 0.12612342720191733 0.08609794628751975 0.03774715398442181
0 0.5631911532385466 0.21240263630916717 0.09162717219589257 0.05811863391252247
0 0.6911532385466035 0.22168963451168364 0.07582938388625593 0.039544637507489516
0 0.858609794628752 0.2201917315757939 0.10268562401263823 0.04373876572798083
0 0.4174565560821485 0.20760934691431995 0.1066350710900474 0.05452366686638706
0 0.2693522906793049 0.20760934691431995 0.10426540284360189 0.053325344517675254
0 0.14178515007898895 0.20161773517076093 0.11769352290679305 0.05452366686638706
0 0.13467614533965244 0.4059316956261234 0.0703001579778831 0.06171360095865788
0 0.2823854660347551 0.40323547034152185 0.0655608214849921 0.05152786099460755
0 0.4174565560821485 0.4122228879568604 0.09873617693522907 0.035949670461354104
0 0.24368088467614535 0.49790293588975437 0.11453396524486571 0.05392450569203116
0 0.42614533965244866 0.49790293588975437 0.11295418641390205 0.05512282804074296
0 0.11769352290679305 0.6974236069502696 0.06477093206951026 0.03834631515877771
0 0.24921011058451817 0.7049131216297184 0.06398104265402843 0.046135410425404436
0 0.4067930489731438 0.7031156381066507 0.09794628751974724 0.04493708807669263
0 0.4158767772511848 0.7947872977831036 0.09083728278041074 0.03894547633313361
0 0.24605055292259084 0.7974835230677052 0.10505529225908372 0.05871779508687837
