0 0.26895734597156395 0.10515278609946076 0.15876777251184834 0.07968843618933494
0 0.43759873617693523 0.10515278609946076 0.12480252764612954 0.07849011384062313
0 0.5860979462875198 0.10515278609946076 0.12322274881516587 0.07729179149191133
0 0.7345971563981043 0.10515278609946076 0.12480252764612954 0.07849011384062313
0 0.735387045813586 0.20641102456560814 0.12480252764612954 0.07609346914319952
0 0.5857030015797788 0.20760934691431995 0.12085308056872038 0.07609346914319952
0 0.4372037914691943 0.20641102456560814 0.12243285939968404 0.07489514679448772
0 0.27093206951026855 0.2055122828040743 0.16429699842022116 0.07429598562013182
0 0.2744865718799368 0.3073696824445776 0.17140600315955765 0.07309766327142002
0 0.44352290679304895 0.30707010185739964 0.1334913112164297 0.07489514679448772
0 0.5908372827804107 0.30647094068304376 0.13428120063191154 0.07369682444577591
0 0.7413112164296999 0.3067705212702217 0.13665086887835703 0.07549430796884363
0 0.740521327014218 0.40892750149790297 0.12717219589257503 0.08088675853804674
0 0.5908372827804107 0.4101258238466147 0.12006319115323855 0.08088675853804674
0 0.44352290679304895 0.4101258238466147 0.12243285939968404 0.08088675853804674
0 0.27527646129541866 0.4101258238466147 0.16350710900473933 0.08088675853804674
0 0.30529225908372826 0.5626123427201918 0.08135860979462875 0.029958058717795086
0 0.45932069510268564 0.5650089874176154 0.08451816745655608 0.035949670461354104
0 0.6255924170616114 0.5665068903535051 0.1406003159557662 0.03654883163571001
0 0.6785150078988942 0.6309167165967645 0.18641390205371247 0.04913121629718394
0 0.6342812006319115 0.6896345116836429 0.13428120063191154 0.041941282204913125
0 0.325434439178515 0.6261234272019174 0.13744075829383887 0.03714799281006591
0 0.30252764612954186 0.731276213301378 0.14375987361769352 0.03774715398442181
0 0.47235387045813587 0.7336728579988017 0.13744075829383887 0.03654883163571001
0 0.608214849921011 0.7642300778909527 0.05055292259083728 0.06890353505092871
0 0.6563981042654028 0.7645296584781306 0.03949447077409163 0.07070101857399641
0 0.7081358609794629 0.7645296584781306 0.05134281200631911 0.06710605152786099
0 0.7575039494470774 0.7666267225883763 0.037914691943127965 0.07369682444577591
