0 0.4968404423380727 0.1560814859197124 0.13428120063191154 0.10724985020970641
0 0.3783570300157978 0.2666267225883763 0.037914691943127965 0.021569802276812464
0 0.3787519747235387 0.29718394248052726 0.03712480252764613 0.021569802276812464
0 0.3787519747235387 0.3268424206111444 0.03712480252764613 0.02456560814859197
0 0.38072669826224326 0.3588975434391852 0.037914691943127965 0.02396644697423607
0 0.3795418641390205 0.3885560215698023 0.04028436018957346 0.02456560814859197
0 0.3787519747235387 0.41971240263630916 0.035545023696682464 0.023367285799880167
0 0.38072669826224326 0.45056920311563814 0.036334913112164295 0.02396644697423607
0 0.3791469194312796 0.4796285200718994 0.03475513428120063 0.020970641102456562
0 0.3953396524486572 0.5113840623127621 0.0703001579778831 0.028160575194727384
0 0.3949447077409163 0.542540443379269 0.07109004739336493 0.02696225284601558
0 0.3921800947867298 0.57309766327142 0.07187993680884676 0.028160575194727384
0 0.39454976303317535 0.6069502696225285 0.07503949447077408 0.026363091671659677
