0 0.25039494470774093 0.11114439784301977 0.16113744075829384 0.10005991611743559
0 0.5007898894154819 0.11294188136608747 0.16113744075829384 0.10365488316357101
0 0.26540284360189575 0.2055122828040743 0.2037914691943128 0.0695026962252846
0 0.5268562401263823 0.21060515278609945 0.19747235387045814 0.06890353505092871
0 0.731437598736177 0.21030557219892151 0.19747235387045814 0.0659077291791492
0 0.23420221169036334 0.34811264230077893 0.2014218009478673 0.07309766327142002
0 0.49249605055292256 0.34721390053924506 0.20616113744075829 0.0677052127022169
0 0.7575039494470774 0.33882564409826244 0.2132701421800948 0.05811863391252247
0 0.24170616113744076 0.4640503295386459 0.19589257503949448 0.06411024565608149
0 0.509083728278041 0.46674655482324745 0.22511848341232227 0.04433792690233673
0 0.7424960505529226 0.4652486518873577 0.21958925750394945 0.048532055122828044
