0 0.2456556082148499 0.1324146195326543 0.07266982622432859 0.04793289394847214
0 0.4225908372827804 0.13151587777112042 0.08688783570300158 0.059316956261234274
0 0.4344391785150079 0.24985020970641103 0.10426540284360189 0.046734571599760334
0 0.6465244865718799 0.24775314559616538 0.1018957345971564 0.04973037747153985
0 0.7488151658767772 0.24835230677052128 0.10584518167456555 0.048532055122828044
0 0.2673775671406003 0.3927501497902936 0.13191153238546605 0.05572198921509886
0 0.3977093206951027 0.4152186938286399 0.10979462875197472 0.08148591971240264
0 0.30647709320695105 0.5704014379868184 0.18641390205371247 0.08388256440982625
0 0.5063191153238547 0.5683043738765728 0.19747235387045814 0.09886159376872379
0 0.7081358609794629 0.567106051527861 0.18404423380726698 0.09526662672258839
0 0.28870458135860977 0.26003594967046134 0.08925750394944708 0.05152786099460755
