0 0.2835703001579779 0.12612342720191733 0.19747235387045814 0.08328340323547034
0 0.5023696682464455 0.12911923307369683 0.1895734597156398 0.08448172558418214
0 0.7187993680884676 0.13031755542240864 0.18641390205371247 0.08687837028160575
0 0.44786729857819907 0.3262432594367885 0.19115323854660346 0.09286998202516478
0 0.6571879936808847 0.3268424206111444 0.18167456556082148 0.09646494907130018
0 0.33649289099526064 0.4847213900539245 0.18009478672985782 0.09346914319952067
0 0.5126382306477093 0.4823247453565009 0.17535545023696683 0.09586578789694428
0 0.13467614533965244 0.6581785500299581 0.10505529225908372 0.06890353505092871
0 0.26895734597156395 0.6572798082684242 0.12717219589257503 0.06231276213301378
0 0.4178515007898894 0.6569802276812463 0.12954186413902052 0.06291192330736968
0 0.21800947867298578 0.7453565008987417 0.13270142180094788 0.06111443978430198
