0 0.30213270142180093 0.1336129418813661 0.18878357030015797 0.06470940683043738
0 0.5335703001579779 0.11593768723786699 0.16192733017377567 0.10365488316357101
0 0.7101105845181674 0.11354104254044338 0.16587677725118483 0.1048532055122828
0 0.7065560821484992 0.2810065907729179 0.16350710900473933 0.11024565608148593
0 0.5055292259083728 0.2831036548831636 0.1769352290679305 0.1012582384661474
0 0.3041074249605055 0.28070701018573996 0.16903633491311215 0.10605152786099462
0 0.18996840442338073 0.4766327142001198 0.17614533965244866 0.07609346914319952
0 0.38744075829383884 0.4640503295386459 0.174565560821485 0.09167165967645297
0 0.584913112164297 0.4724385859796285 0.17772511848341233 0.07369682444577591
0 0.7989731437598736 0.4787297783103655 0.19984202211690363 0.06231276213301378
0 0.2018167456556082 0.6333133612941881 0.20774091627172195 0.06231276213301378
0 0.4158767772511848 0.6309167165967645 0.20458135860979462 0.07070101857399641
0 0.6074249605055292 0.621929298981426 0.1579778830963665 0.08987417615338526
0 0.7784360189573459 0.6246255242660276 0.16192733017377567 0.09526662672258839
0 0.1796998420221169 0.8040742959856202 0.19352290679304898 0.09706411024565609
0 0.38072669826224326 0.8178550029958059 0.2116903633491311 0.0683043738765728
