0 0.15916271721958924 0.11623726782504494 0.14139020537124802 0.0659077291791492
0 0.40165876777251186 0.11174355901737568 0.14454976303317535 0.06171360095865788
0 0.5734597156398105 0.1560814859197124 0.07740916271721959 0.04733373277411624
0 0.7231437598736177 0.15698022768124625 0.08609794628751975 0.04793289394847214
0 0.8724328593996841 0.15668064709406831 0.08609794628751975 0.04373876572798083
0 0.8570300157977883 0.2183942480527262 0.11690363349131122 0.04373876572798083
0 0.6868088467614534 0.2207908927501498 0.05608214849921011 0.03894547633313361
0 0.5888625592417062 0.2177950868783703 0.08135860979462875 0.04134212103055722
0 0.3056872037914692 0.22408627920910726 0.21958925750394945 0.07549430796884363
0 0.27804107424960506 0.4164170161773517 0.12480252764612954 0.04913121629718394
