0 0.16982622432859398 0.10215698022768124 0.1579778830963665 0.08088675853804674
0 0.3890205371248025 0.10095865787896945 0.1524486571879937 0.0713001797483523
0 0.40165876777251186 0.20581186339125226 0.15718799368088468 0.07369682444577591
0 0.17417061611374407 0.20760934691431995 0.15086887835703 0.07249850209706411
0 0.6165086887835702 0.10844817255841822 0.03712480252764613 0.03115638106650689
0 0.7266982622432859 0.10275614140203715 0.09162717219589257 0.04254044337926902
0 0.6891785150078988 0.18124625524266028 0.14139020537124802 0.03774715398442181
0 0.6358609794628752 0.3274415817855003 0.11216429699842022 0.040143798681845415
0 0.7958135860979463 0.33193529059316956 0.11927330173775672 0.04433792690233673
0 0.6267772511848341 0.45356500898741764 0.035545023696682464 0.046734571599760334
0 0.7622432859399684 0.457159976033553 0.11848341232227488 0.039544637507489516
0 0.2934439178515008 0.3876572798082684 0.165086887835703 0.08867585380467347
0 0.6484992101105845 0.5946674655482325 0.08372827804107424 0.029358897543439184
0 0.7748815165876777 0.5940683043738766 0.08214849921011058 0.04973037747153985
0 0.7543443917851501 0.6749550629119233 0.14218009478672985 0.048532055122828044
