0 0.17812006319115323 0.09107249850209706 0.17298578199052134 0.05991611743559017
0 0.3862559241706161 0.09167165967645297 0.17535545023696683 0.05871779508687837
0 0.1773301737756714 0.1854403834631516 0.17298578199052134 0.056920311563810666
0 0.38507109004739337 0.19113241461953265 0.174565560821485 0.06710605152786099
0 0.5699052132701422 0.12222887956860395 0.052922590837282776 0.03235470341521869
0 0.7136650868878357 0.11114439784301977 0.09083728278041074 0.05212702216896345
0 0.8546603475513428 0.11114439784301977 0.08846761453396525 0.05452366686638706
0 0.5683254344391785 0.183043738765728 0.05608214849921011 0.03175554224086279
0 0.7152448657187993 0.21599760335530258 0.09873617693522907 0.046135410425404436
0 0.17180094786729858 0.35380467345716 0.11137440758293839 0.056920311563810666
0 0.34755134281200634 0.35230677052127024 0.13902053712480253 0.05871779508687837
0 0.1868088467614534 0.4610545236668664 0.17614533965244866 0.05811863391252247
0 0.3767772511848341 0.46195326542840026 0.17377567140600317 0.05871779508687837
0 0.5793838862559242 0.3855602156980228 0.08925750394944708 0.04973037747153985
0 0.6883886255924171 0.3693828639904134 0.08293838862559241 0.035350509286998205
0 0.8222748815165877 0.4128220491312163 0.09162717219589257 0.04913121629718394
0 0.5691153238546603 0.5 0.1018957345971564 0.03894547633313361
0 0.8341232227488151 0.5080886758538047 0.07582938388625593 0.04313960455362493
0 0.6619273301737757 0.5701018573996405 0.07582938388625593 0.04254044337926902
