0 0.21998420221169035 0.11054523666866388 0.18088467614533965 0.03774715398442181
0 0.3981042654028436 0.11384062312762133 0.18167456556082148 0.04553624925104853
0 0.5868878357030016 0.11234272019173158 0.18799368088467613 0.03774715398442181
0 0.7784360189573459 0.11024565608148593 0.17614533965244866 0.0659077291791492
0 0.7582938388625592 0.18843618933493111 0.22274881516587677 0.046135410425404436
0 0.48380726698262244 0.18933493109646496 0.22511848341232227 0.04553624925104853
0 0.24328593996840442 0.18753744757339724 0.20695102685624012 0.04913121629718394
0 0.13507109004739337 0.28490113840623127 0.10110584518167456 0.029358897543439184
0 0.24447077409162718 0.2843019772318754 0.09083728278041074 0.028160575194727384
0 0.41113744075829384 0.28400239664469745 0.146129541864139 0.03834631515877771
0 0.1994470774091627 0.34002396644697425 0.04028436018957346 0.020970641102456562
0 0.24328593996840442 0.33942480527261837 0.04107424960505529 0.019772318753744758
0 0.29265402843601895 0.34182144997004194 0.029225908372827805 0.023367285799880167
0 0.3293838862559242 0.3466147393648892 0.03949447077409163 0.03774715398442181
0 0.3716429699842022 0.34122228879568606 0.03238546603475513 0.01378070701018574
0 0.15718799368088468 0.42899940083882565 0.15481832543443919 0.03714799281006591
0 0.4099526066350711 0.43109646494907133 0.15481832543443919 0.0341521869382864
