0 0.2740916271721959 0.12762133013780708 0.08846761453396525 0.039544637507489516
0 0.4166666666666667 0.12612342720191733 0.11453396524486571 0.03654883163571001
0 0.6169036334913112 0.13990413421210307 0.13902053712480253 0.0701018573996405
0 0.622827804107425 0.24415817855002997 0.18088467614533965 0.07729179149191133
0 0.424565560821485 0.21330137807070101 0.0924170616113744 0.046734571599760334
0 0.4265402843601896 0.28190533253445177 0.08372827804107424 0.035350509286998205
0 0.5505529225908373 0.37687237866986223 0.17851500789889416 0.08268424206111444
0 0.29265402843601895 0.6306171360095866 0.09399684044233807 0.04254044337926902
0 0.5110584518167457 0.640503295386459 0.17535545023696683 0.07549430796884363
0 0.7041864139020537 0.6333133612941881 0.09399684044233807 0.033553025763930495
0 0.3088467614533965 0.7061114439784302 0.0995260663507109 0.04373876572798083
