0 0.15126382306477093 0.12522468544038345 0.08925750394944708 0.08627920910724986
0 0.2859399684044234 0.12552426602756142 0.08530805687203791 0.08568004793289395
0 0.41192733017377564 0.12702216896345117 0.08925750394944708 0.08028759736369083
0 0.4194312796208531 0.23247453565008988 0.12480252764612954 0.08028759736369083
0 0.2796208530805687 0.2300778909526663 0.11058451816745656 0.08627920910724986
0 0.1524486571879937 0.2243858597962852 0.10110584518167456 0.08568004793289395
0 0.42101105845181674 0.3361294188136609 0.11532385466034754 0.08987417615338526
0 0.32109004739336494 0.3373277411623727 0.08609794628751975 0.08747753145596165
0 0.22511848341232227 0.3409227082085081 0.08372827804107424 0.08747753145596165
0 0.12993680884676145 0.33882564409826244 0.08135860979462875 0.08208508088675855
