0 0.27804107424960506 0.1372079089275015 0.11216429699842022 0.06111443978430198
0 0.5177725118483413 0.1396045536249251 0.1382306477093207 0.06351108448172559
0 0.38467614533965244 0.1578789694427801 0.04107424960505529 0.018573996405032954
0 0.6761453396524486 0.1195326542840024 0.04739336492890995 0.03175554224086279
0 0.6769352290679305 0.1554823247453565 0.045813586097946286 0.03055721989215099
0 0.2693522906793049 0.23576992210904735 0.11058451816745656 0.04254044337926902
0 0.5541074249605055 0.23397243858597963 0.13033175355450236 0.059316956261234274
0 0.7365718799368088 0.19263031755542243 0.04976303317535545 0.019772318753744758
0 0.7428909952606635 0.21929298981426004 0.08293838862559241 0.02037147992810066
0 0.7251184834123222 0.24505692031156381 0.042654028436018954 0.015578190533253445
0 0.7274881516587678 0.26872378669862196 0.03949447077409163 0.01737567405632115
0 0.5789889415481833 0.4203115638106651 0.10584518167456555 0.05092869982025165
0 0.7930489731437599 0.4233073696824446 0.10110584518167456 0.053325344517675254
0 0.6074249605055292 0.4976033553025764 0.04897314375987362 0.0329538645895746
0 0.7215639810426541 0.4964050329538646 0.04976303317535545 0.03654883163571001
0 0.844391785150079 0.49610545236668663 0.0679304897314376 0.03714799281006591
0 0.5722748815165877 0.57309766327142 0.11295418641390205 0.03774715398442181
0 0.7973933649289099 0.5704014379868184 0.09873617693522907 0.05751947273816657
