0 0.2934439178515008 0.12582384661473936 0.13033175355450236 0.041941282204913125
0 0.6449447077409163 0.12672258837627323 0.13981042654028436 0.040143798681845415
0 0.6520537124802528 0.1989215098861594 0.14928909952606634 0.04433792690233673
0 0.6488941548183255 0.27531455961653684 0.13665086887835703 0.053325344517675254
0 0.6469194312796208 0.40892750149790297 0.1406003159557662 0.05092869982025165
0 0.28515007898894157 0.4068304373876573 0.10268562401263823 0.05152786099460755
0 0.28515007898894157 0.2843019772318754 0.10900473933649289 0.04973037747153985
0 0.28672985781990523 0.19562612342720193 0.0947867298578199 0.040143798681845415
0 0.28278041074249605 0.6105452366686639 0.20853080568720378 0.05392450569203116
0 0.7160347551342812 0.610245656081486 0.19826224328593997 0.059316956261234274
