0 0.18759873617693523 0.2702216896345117 0.13981042654028436 0.06470940683043738
0 0.3467614533965245 0.26123427201917315 0.12480252764612954 0.08028759736369083
0 0.3795418641390205 0.35410425404433793 0.11769352290679305 0.08268424206111444
0 0.20260663507109006 0.35350509286998205 0.11927330173775672 0.08268424206111444
0 0.3815165876777251 0.4532654284002397 0.11374407582938388 0.07849011384062313
0 0.2381516587677725 0.4529658478130617 0.11611374407582938 0.07789095266626722
0 0.3404423380726698 0.5440383463151588 0.07582938388625593 0.0683043738765728
0 0.2456556082148499 0.5476333133612942 0.10110584518167456 0.07429598562013182
0 0.3447867298578199 0.7156980227681247 0.1334913112164297 0.0665068903535051
0 0.5134281200631912 0.7189934092270821 0.11532385466034754 0.06470940683043738
0 0.735781990521327 0.7094068304373877 0.12085308056872038 0.07908927501497903
0 0.69826224328594 0.8163571000599161 0.12322274881516587 0.06171360095865788
0 0.532780410742496 0.8163571000599161 0.1382306477093207 0.06411024565608149
0 0.34557661927330174 0.8157579388855603 0.1334913112164297 0.06051527860994608
