0 0.2136650868878357 0.11414020371479928 0.08609794628751975 0.04254044337926902
0 0.344391785150079 0.12432594367884961 0.11848341232227488 0.046135410425404436
0 0.5098736176935229 0.12372678250449372 0.12559241706161137 0.046135410425404436
0 0.6267772511848341 0.11863391252246855 0.04660347551342812 0.05871779508687837
0 0.7519747235387045 0.11384062312762133 0.15323854660347552 0.06231276213301378
0 0.2132701421800948 0.2774116237267825 0.08846761453396525 0.041941282204913125
0 0.30529225908372826 0.2860994607549431 0.08451816745655608 0.018573996405032954
0 0.443127962085308 0.280407429598562 0.09794628751974724 0.028759736369083286
0 0.5793838862559242 0.28190533253445177 0.09399684044233807 0.03055721989215099
0 0.7156398104265402 0.2801078490113841 0.09794628751974724 0.03175554224086279
0 0.8056872037914692 0.28460155781905333 0.044233807266982623 0.05632115038945477
0 0.5560821484992101 0.36129418813660874 0.13270142180094788 0.04793289394847214
0 0.7377567140600316 0.36369083283403236 0.12480252764612954 0.04913121629718394
0 0.28080568720379145 0.542240862792091 0.11137440758293839 0.04313960455362493
0 0.38665086887835703 0.5380467345715998 0.04976303317535545 0.05991611743559017
0 0.5276461295418642 0.5443379269023367 0.14533965244865718 0.05092869982025165
0 0.2843601895734597 0.6431995206710606 0.08688783570300158 0.035350509286998205
0 0.43601895734597157 0.6497902935889754 0.12322274881516587 0.04493708807669263
0 0.5521327014218009 0.6437986818454164 0.04897314375987362 0.059316956261234274
0 0.6915481832543444 0.6512881965248652 0.16192733017377567 0.04913121629718394
0 0.27567140600315954 0.7423606950269622 0.10110584518167456 0.03235470341521869
0 0.37796208530805686 0.7417615338526063 0.05134281200631911 0.05991611743559017
0 0.5071090047393365 0.7507489514679448 0.1358609794628752 0.05152786099460755
0 0.674565560821485 0.750149790293589 0.14375987361769352 0.04913121629718394
