0 0.3838862559241706 0.1354104254044338 0.2685624012638231 0.10784901138406232
0 0.5035545023696683 0.3079688436189335 0.12243285939968404 0.06470940683043738
0 0.6105845181674565 0.30107849011384064 0.08214849921011058 0.025763930497303775
0 0.7298578199052133 0.30826842420611145 0.12480252764612954 0.0665068903535051
0 0.2962085308056872 0.3055721989215099 0.18009478672985782 0.10545236668663871
0 0.28949447077409163 0.4191132414619533 0.14928909952606634 0.05212702216896345
0 0.5173775671406003 0.41761533852606353 0.2717219589257504 0.08867585380467347
0 0.7243285939968405 0.6402037147992811 0.15007898894154817 0.05212702216896345
0 0.6520537124802528 0.5674056321150389 0.12717219589257503 0.06231276213301378
0 0.3862559241706161 0.6779508687837028 0.2812006319115324 0.09167165967645297
0 0.2586887835703002 0.5656081485919713 0.12085308056872038 0.0659077291791492
0 0.42575039494470773 0.566806470940683 0.12006319115323855 0.06470940683043738
