0 0.25355450236966826 0.12971839424805273 0.10268562401263823 0.04373876572798083
0 0.3617693522906793 0.13061713600958658 0.0631911532385466 0.017974835230677052
0 0.5055292259083728 0.12822049131216298 0.13428120063191154 0.041941282204913125
0 0.6733807266982622 0.1273217495506291 0.10031595576619273 0.04373876572798083
0 0.6714060031595577 0.19352905931695627 0.2575039494470774 0.08028759736369083
0 0.6658767772511848 0.2810065907729179 0.23380726698262244 0.08028759736369083
0 0.2910742496050553 0.19802276812462552 0.17772511848341233 0.07729179149191133
0 0.43759873617693523 0.1932294787297783 0.10268562401263823 0.04733373277411624
0 0.37006319115323855 0.2810065907729179 0.26145339652448657 0.07908927501497903
0 0.6658767772511848 0.3603954463750749 0.23696682464454977 0.07849011384062313
0 0.6816745655608215 0.45446375074895146 0.24328593996840442 0.07729179149191133
0 0.4557661927330174 0.44667465548232477 0.24644549763033174 0.07729179149191133
0 0.3155608214849921 0.5236668663870582 0.25039494470774093 0.07789095266626722
0 0.33846761453396523 0.3855602156980228 0.26303317535545023 0.07849011384062313
0 0.30726698262243285 0.6276213301378071 0.17851500789889416 0.08088675853804674
0 0.4352290679304897 0.6276213301378071 0.061611374407582936 0.022168963451168366
0 0.6196682464454977 0.6225284601557819 0.2093206951026856 0.07789095266626722
0 0.5892575039494471 0.6917315757938886 0.20537124802527645 0.07849011384062313
0 0.6552132701421801 0.7920910724985021 0.2014218009478673 0.08028759736369083
0 0.35150078988941547 0.786698621929299 0.20537124802527645 0.07669263031755542
0 0.3246445497630332 0.7079089275014979 0.21011058451816744 0.07968843618933494
