0 0.3293838862559242 0.0994607549430797 0.20063191153238547 0.05991611743559017
0 0.6022906793048973 0.10035949670461354 0.24723538704581358 0.07609346914319952
0 0.29265402843601895 0.19233073696824446 0.1966824644549763 0.04913121629718394
0 0.5225118483412322 0.18154583582983824 0.19036334913112163 0.07549430796884363
0 0.7440758293838863 0.18843618933493111 0.12322274881516587 0.08088675853804674
0 0.2918641390205371 0.2884961054523667 0.19510268562401265 0.07249850209706411
0 0.5130331753554502 0.28190533253445177 0.19036334913112163 0.0665068903535051
0 0.7132701421800948 0.29418813660874776 0.18167456556082148 0.0683043738765728
0 0.28870458135860977 0.38825644098262435 0.19352290679304898 0.08028759736369083
0 0.4928909952606635 0.3834631515877771 0.19115323854660346 0.08747753145596165
0 0.7085308056872038 0.4068304373876573 0.20537124802527645 0.0683043738765728
0 0.28554502369668244 0.4898142600359497 0.19510268562401265 0.0677052127022169
0 0.49368088467614535 0.4865188735769922 0.16903633491311215 0.05991611743559017
0 0.7081358609794629 0.4856201318154584 0.20300157977883096 0.04973037747153985
0 0.3048973143759874 0.573696824445776 0.2353870458135861 0.0665068903535051
0 0.5047393364928909 0.5871779508687838 0.2843601895734597 0.08268424206111444
0 0.7227488151658767 0.5808867585380467 0.17851500789889416 0.06530856800479329
