0 0.2669826224328594 0.14200119832234873 0.07898894154818326 0.04793289394847214
0 0.35742496050552924 0.14379868184541642 0.05924170616113744 0.0695026962252846
0 0.4932859399684044 0.14409826243259438 0.14139020537124802 0.0713001797483523
0 0.6891785150078988 0.14140203714799282 0.15718799368088468 0.07549430796884363
0 0.3977093206951027 0.21120431396045536 0.03238546603475513 0.0341521869382864
0 0.45221169036334913 0.21449970041941283 0.05766192733017377 0.029958058717795086
0 0.5201421800947867 0.2142001198322349 0.05924170616113744 0.028160575194727384
0 0.5928120063191153 0.21479928100659076 0.07187993680884676 0.029358897543439184
0 0.6954976303317535 0.28879568603954464 0.14454976303317535 0.08747753145596165
0 0.5086887835703001 0.2914919113241462 0.14533965244865718 0.06890353505092871
0 0.6492890995260664 0.3633912522468544 0.07266982622432859 0.02696225284601558
0 0.5778041074249605 0.3633912522468544 0.05766192733017377 0.03055721989215099
0 0.5102685624012638 0.3633912522468544 0.05529225908372828 0.02696225284601558
0 0.44352290679304895 0.36428999400838824 0.04818325434439179 0.026363091671659677
0 0.3767772511848341 0.36458957459556623 0.05055292259083728 0.03175554224086279
0 0.2721169036334913 0.2938885560215698 0.07819905213270142 0.04973037747153985
0 0.358609794628752 0.2944877171959257 0.06477093206951026 0.0713001797483523
0 0.2721169036334913 0.4457759137207909 0.07977883096366509 0.05032953864589575
0 0.36334913112164297 0.4478729778310366 0.09636650868878358 0.048532055122828044
0 0.5276461295418642 0.4406830437387657 0.12164296998420221 0.06411024565608149
0 0.6986571879936809 0.438885560215698 0.13191153238546605 0.07849011384062313
0 0.6528436018957345 0.5188735769922109 0.10031595576619273 0.05392450569203116
0 0.5430489731437599 0.5257639304973037 0.07503949447077408 0.040143798681845415
0 0.4399684044233807 0.5251647693229479 0.07424960505529225 0.04134212103055722
0 0.3400473933649289 0.5230677052127022 0.09399684044233807 0.046734571599760334
0 0.3432069510268562 0.5865787896944278 0.08925750394944708 0.04433792690233673
0 0.4549763033175355 0.5907729179149191 0.07266982622432859 0.05991611743559017
0 0.5537124802527646 0.5862792091072498 0.08372827804107424 0.04254044337926902
0 0.70260663507109 0.6647693229478729 0.14454976303317535 0.08088675853804674
0 0.6646919431279621 0.7411623726782505 0.09557661927330173 0.04913121629718394
0 0.5248815165876777 0.6665668064709407 0.15718799368088468 0.06171360095865788
0 0.5722748815165877 0.7477531455961653 0.08925750394944708 0.03714799281006591
0 0.47195892575039494 0.7480527261833433 0.0924170616113744 0.03894547633313361
0 0.37796208530805686 0.7465548232474536 0.09557661927330173 0.035949670461354104
0 0.28870458135860977 0.7486518873576993 0.07977883096366509 0.0341521869382864
0 0.2646129541864139 0.6725584182144997 0.09004739336492891 0.048532055122828044
0 0.36295418641390204 0.6722588376273217 0.12085308056872038 0.046734571599760334
