0 0.38191153238546605 0.09346914319952067 0.12559241706161137 0.05991611743559017
0 0.2559241706161137 0.15158777711204313 0.17061611374407581 0.08747753145596165
0 0.5193522906793049 0.15158777711204313 0.1966824644549763 0.09227082085080887
0 0.745260663507109 0.14619532654284004 0.17140600315955765 0.08987417615338526
0 0.2823854660347551 0.3238466147393649 0.17614533965244866 0.08568004793289395
0 0.7251184834123222 0.3508088675853805 0.18167456556082148 0.09526662672258839
0 0.6670616113744076 0.47483523067705213 0.05924170616113744 0.02696225284601558
0 0.6658767772511848 0.5143798681845416 0.052132701421800945 0.023367285799880167
0 0.6639020537124802 0.5500299580587178 0.06398104265402843 0.02396644697423607
0 0.6642969984202212 0.5817855002995806 0.05845181674565561 0.029958058717795086
0 0.665086887835703 0.616237267825045 0.05845181674565561 0.029358897543439184
0 0.6642969984202212 0.6536848412222888 0.044233807266982623 0.02756141402037148
0 0.6639020537124802 0.6881366087477532 0.06240126382306477 0.023367285799880167
0 0.6658767772511848 0.7207908927501498 0.053712480252764615 0.028759736369083286
0 0.665481832543444 0.7531455961653685 0.052922590837282776 0.022768124625524265
0 0.6662717219589257 0.7837028160575195 0.054502369668246446 0.02396644697423607
