0 0.28672985781990523 0.13391252246854404 0.061611374407582936 0.06171360095865788
0 0.35031595576619273 0.14110245656081485 0.0339652448657188 0.040143798681845415
0 0.4569510268562401 0.13061713600958658 0.07819905213270142 0.04793289394847214
0 0.5675355450236966 0.13271420011983223 0.07661927330173776 0.046135410425404436
0 0.693522906793049 0.13271420011983223 0.07740916271721959 0.046135410425404436
0 0.3333333333333333 0.21929298981426004 0.07740916271721959 0.04553624925104853
0 0.5007898894154819 0.23037747153984423 0.11690363349131122 0.08208508088675855
0 0.4948657187993681 0.3469143199520671 0.11453396524486571 0.08148591971240264
0 0.6757503949447077 0.34301977231875375 0.11137440758293839 0.08328340323547034
0 0.3281990521327014 0.46195326542840026 0.10031595576619273 0.05392450569203116
0 0.48775671406003157 0.45865787896944277 0.10031595576619273 0.05572198921509886
0 0.665086887835703 0.46135410425404433 0.11532385466034754 0.08028759736369083
