0 0.24328593996840442 0.14080287597363692 0.08688783570300158 0.04793289394847214
0 0.4158767772511848 0.14170161773517076 0.08925750394944708 0.04373876572798083
0 0.5734597156398105 0.12372678250449372 0.08530805687203791 0.08208508088675855
0 0.7385466034755134 0.12522468544038345 0.08530805687203791 0.08148591971240264
0 0.7476303317535545 0.26752546434991015 0.10505529225908372 0.07849011384062313
0 0.5556872037914692 0.27291791491911327 0.1018957345971564 0.07249850209706411
0 0.36295418641390204 0.2678250449370881 0.10505529225908372 0.08028759736369083
0 0.38270142180094785 0.31426003594967045 0.029225908372827805 0.01018573996405033
0 0.3791469194312796 0.3241461953265429 0.023696682464454975 0.009586578789694428
0 0.3791469194312796 0.3346315158777711 0.02527646129541864 0.01018573996405033
0 0.532780410742496 0.31455961653684844 0.029225908372827805 0.009586578789694428
0 0.5300157977883097 0.32474535650089875 0.020537124802527645 0.009586578789694428
0 0.5296208530805687 0.3343319352905932 0.021327014218009477 0.009586578789694428
0 0.5296208530805687 0.34421809466746556 0.02448657187993681 0.011384062312762133
0 0.6236176935229067 0.3139604553624925 0.04186413902053712 0.010784901138406232
0 0.6240126382306477 0.3241461953265429 0.044233807266982623 0.009586578789694428
0 0.6184834123222749 0.33373277411623725 0.03317535545023697 0.008388256440982624
0 0.17890995260663506 0.4490713001797484 0.146129541864139 0.053325344517675254
0 0.3834913112164297 0.44967046135410427 0.14928909952606634 0.048532055122828044
0 0.2551342812006319 0.5533253445176752 0.1484992101105845 0.1048532055122828
