0 0.2764612954186414 0.12941881366087477 0.12796208530805686 0.028759736369083286
0 0.4707740916271722 0.12492510485320552 0.1769352290679305 0.03894547633313361
0 0.6883886255924171 0.12462552426602756 0.16982622432859398 0.039544637507489516
0 0.6907582938388626 0.19053325344517677 0.19826224328593997 0.04433792690233673
0 0.45023696682464454 0.18993409227082086 0.1943127962085308 0.04313960455362493
0 0.30647709320695105 0.24505692031156381 0.19589257503949448 0.04074295985620132
0 0.49960505529225907 0.3025763930497304 0.17772511848341233 0.041941282204913125
0 0.6311216429699842 0.3520071899340923 0.08056872037914692 0.04973037747153985
0 0.731042654028436 0.35410425404433793 0.09873617693522907 0.04074295985620132
0 0.7097156398104265 0.4191132414619533 0.05608214849921011 0.07369682444577591
0 0.6327014218009479 0.4275014979029359 0.06003159557661927 0.08687837028160575
0 0.5489731437598736 0.41971240263630916 0.05845181674565561 0.07249850209706411
0 0.5343601895734597 0.35320551228280406 0.08925750394944708 0.03894547633313361
0 0.4395734597156398 0.3517076093469143 0.08767772511848342 0.035949670461354104
0 0.35821484992101105 0.3529059316956261 0.05924170616113744 0.03834631515877771
0 0.3665086887835703 0.4164170161773517 0.09636650868878358 0.052726183343319355
0 0.457740916271722 0.41761533852606353 0.05924170616113744 0.052726183343319355
0 0.3688783570300158 0.4952067106051528 0.06003159557661927 0.08807669263031756
0 0.4707740916271722 0.4910125823846615 0.10900473933649289 0.07489514679448772
