0 0.2934439178515008 0.14739364889155182 0.0924170616113744 0.05152786099460755
0 0.5505529225908373 0.1512881965248652 0.23380726698262244 0.09646494907130018
0 0.6425750394944708 0.2402636309167166 0.1334913112164297 0.03235470341521869
0 0.3842812006319115 0.23397243858597963 0.2330173775671406 0.09047333732774117
0 0.26421800947867297 0.38705811863391254 0.08135860979462875 0.05751947273816657
0 0.5442338072669826 0.38526063511084485 0.2527646129541864 0.07309766327142002
0 0.565955766192733 0.48202516476932294 0.1240126382306477 0.029358897543439184
0 0.6966824644549763 0.4823247453565009 0.12164296998420221 0.026363091671659677
0 0.3420221169036335 0.4682444577591372 0.23222748815165875 0.0701018573996405
0 0.4028436018957346 0.6300179748352307 0.20537124802527645 0.06291192330736968
0 0.6477093206951027 0.6306171360095866 0.1895734597156398 0.06530856800479329
0 0.6548183254344392 0.7210904733373278 0.1943127962085308 0.04973037747153985
0 0.4036334913112164 0.7219892150988616 0.20695102685624012 0.05032953864589575
0 0.4233807266982622 0.7959856201318155 0.08846761453396525 0.028160575194727384
0 0.5541074249605055 0.7944877171959257 0.09083728278041074 0.025164769322947873
