0 0.2914691943127962 0.14709406830437388 0.10110584518167456 0.09766327142001198
0 0.46919431279620855 0.15098861593768725 0.0947867298578199 0.09706411024565609
0 0.6757503949447077 0.1426003594967046 0.11295418641390205 0.11623726782504494
0 0.27093206951026855 0.3118633912522469 0.08372827804107424 0.09526662672258839
0 0.4636650868878357 0.31455961653684844 0.10742496050552923 0.0994607549430797
0 0.6473143759873617 0.31126423007789095 0.11769352290679305 0.10724985020970641
0 0.2014218009478673 0.5341521869382864 0.05845181674565561 0.03774715398442181
0 0.3684834123222749 0.5437387657279809 0.07503949447077408 0.04973037747153985
0 0.5248815165876777 0.5443379269023367 0.07819905213270142 0.05572198921509886
0 0.7045813586097947 0.5074895146794488 0.11690363349131122 0.12103055721989216
0 0.2136650868878357 0.6620730976632714 0.0971563981042654 0.035949670461354104
0 0.37756714060031593 0.6704613541042541 0.07424960505529225 0.04913121629718394
0 0.5319905213270142 0.6692630317555422 0.07661927330173776 0.052726183343319355
0 0.693127962085308 0.6587777112043139 0.12085308056872038 0.10844817255841822
0 0.19233807266982622 0.8139604553624925 0.08451816745655608 0.035350509286998205
0 0.33175355450236965 0.8148591971240264 0.0995260663507109 0.05512282804074296
0 0.47985781990521326 0.81725584182145 0.1018957345971564 0.05392450569203116
0 0.6244075829383886 0.8145596165368484 0.08925750394944708 0.053325344517675254
0 0.7819905213270142 0.7977831036548831 0.13270142180094788 0.10605152786099462
