0 0.28475513428120064 0.1737567405632115 0.14928909952606634 0.13421210305572198
0 0.48775671406003157 0.14979029358897544 0.174565560821485 0.08987417615338526
0 0.6844391785150079 0.1518873576992211 0.2014218009478673 0.09047333732774117
0 0.18285939968404424 0.347813061713601 0.06714060031595577 0.09406830437387657
0 0.31398104265402843 0.34811264230077893 0.08293838862559241 0.08987417615338526
0 0.4443127962085308 0.35650089874176155 0.08293838862559241 0.07549430796884363
0 0.5746445497630331 0.3559017375674056 0.08451816745655608 0.07429598562013182
0 0.7543443917851501 0.35739964050329537 0.18325434439178515 0.056920311563810666
0 0.5434439178515008 0.45775913720790895 0.17851500789889416 0.05751947273816657
0 0.2910742496050553 0.457459556620731 0.179304897314376 0.05452366686638706
0 0.22432859399684044 0.6378070701018574 0.08214849921011058 0.059316956261234274
0 0.3522906793048973 0.6333133612941881 0.07898894154818326 0.07070101857399641
0 0.47274881516587675 0.6345116836429 0.07345971563981042 0.07429598562013182
0 0.6382306477093207 0.6381066506890354 0.1721958925750395 0.04313960455362493
0 0.7211690363349131 0.7339724385859796 0.17377567140600317 0.05512282804074296
0 0.5015797788309636 0.732174955062912 0.17535545023696683 0.05632115038945477
0 0.2859399684044234 0.7339724385859796 0.17377567140600317 0.052726183343319355
