0 0.28278041074249605 0.13511084481725585 0.0995260663507109 0.05811863391252247
0 0.21682464454976302 0.23277411623726782 0.0339652448657188 0.018573996405032954
0 0.25908372827804105 0.2330736968244458 0.030015797788309637 0.019173157579388856
0 0.21761453396524486 0.2567405632115039 0.035545023696682464 0.01737567405632115
0 0.26026856240126384 0.25704014379868184 0.030805687203791468 0.02037147992810066
0 0.21721958925750395 0.28280407429598564 0.03475513428120063 0.017974835230677052
0 0.2598736176935229 0.28280407429598564 0.030015797788309637 0.021569802276812464
0 0.21721958925750395 0.31066506890353507 0.03317535545023697 0.01737567405632115
0 0.2646129541864139 0.31036548831635713 0.04107424960505529 0.021569802276812464
0 0.21761453396524486 0.33822648292390656 0.035545023696682464 0.01737567405632115
0 0.26421800947867297 0.3373277411623727 0.04028436018957346 0.021569802276812464
0 0.2231437598736177 0.3648891551827442 0.026066350710900472 0.017974835230677052
0 0.2638230647709321 0.3639904134212103 0.04107424960505529 0.022168963451168366
0 0.21682464454976302 0.39035350509287 0.04028436018957346 0.019772318753744758
0 0.2586887835703002 0.39125224685440385 0.029225908372827805 0.02037147992810066
0 0.21682464454976302 0.41551827441581785 0.038704581358609796 0.019772318753744758
0 0.2586887835703002 0.4164170161773517 0.030805687203791468 0.02037147992810066
0 0.21682464454976302 0.4421809466746555 0.038704581358609796 0.02037147992810066
0 0.2571090047393365 0.4409826243259437 0.02764612954186414 0.02037147992810066
0 0.21721958925750395 0.46884361893349313 0.03949447077409163 0.019772318753744758
0 0.26421800947867297 0.4691431995206711 0.04028436018957346 0.021569802276812464
0 0.21800947867298578 0.4958058717795087 0.037914691943127965 0.019772318753744758
0 0.2638230647709321 0.49670461354104256 0.04107424960505529 0.021569802276812464
0 0.21682464454976302 0.5260635110844817 0.04344391785150079 0.022768124625524265
0 0.2626382306477093 0.5251647693229479 0.04028436018957346 0.022168963451168366
