0 0.19628751974723538 0.12672258837627323 0.06872037914691943 0.04373876572798083
0 0.2910742496050553 0.1288196524865189 0.07503949447077408 0.035949670461354104
0 0.43878357030015797 0.13630916716596764 0.11295418641390205 0.05092869982025165
0 0.6026856240126383 0.14140203714799282 0.10900473933649289 0.04913121629718394
0 0.7784360189573459 0.1372079089275015 0.11137440758293839 0.04793289394847214
0 0.5394944707740916 0.25883762732174953 0.11216429699842022 0.04433792690233673
0 0.38941548183254343 0.2555422408627921 0.11374407582938388 0.04373876572798083
0 0.2519747235387046 0.25104853205512284 0.08056872037914692 0.03235470341521869
0 0.6820695102685624 0.3921509886159377 0.09083728278041074 0.0329538645895746
0 0.6816745655608215 0.43529059316956265 0.09320695102685624 0.040143798681845415
0 0.6824644549763033 0.4823247453565009 0.11058451816745656 0.03834631515877771
0 0.6828593996840442 0.5260635110844817 0.1018957345971564 0.03714799281006591
0 0.6816745655608215 0.5707010185739965 0.12796208530805686 0.040143798681845415
0 0.6824644549763033 0.6156381066506891 0.1263823064770932 0.03894547633313361
0 0.6820695102685624 0.6581785500299581 0.11295418641390205 0.03894547633313361
0 0.684044233807267 0.7031156381066507 0.10426540284360189 0.03894547633313361
0 0.6828593996840442 0.7471539844218095 0.11295418641390205 0.0347513481126423
0 0.6832543443917851 0.7875973636908329 0.12006319115323855 0.0329538645895746
0 0.28001579778830965 0.6096464949071301 0.11769352290679305 0.04254044337926902
0 0.2815955766192733 0.6608747753145596 0.12243285939968404 0.04313960455362493
0 0.28080568720379145 0.7297783103654883 0.1334913112164297 0.04433792690233673
0 0.2819905213270142 0.7813061713600958 0.13270142180094788 0.041941282204913125
