0 0.2527646129541864 0.11354104254044338 0.17535545023696683 0.1048532055122828
0 0.47906793048973145 0.11563810665068903 0.17614533965244866 0.10665068903535051
0 0.7298578199052133 0.12852007189934092 0.2037914691943128 0.07968843618933494
0 0.7247235387045814 0.27171959257040146 0.20616113744075829 0.07369682444577591
0 0.4972353870458136 0.27561414020371483 0.19826224328593997 0.06710605152786099
0 0.27290679304897314 0.2726183343319353 0.20774091627172195 0.07549430796884363
0 0.28278041074249605 0.41881366087477534 0.21642969984202212 0.07070101857399641
0 0.19352290679304898 0.8382264829239066 0.18799368088467613 0.07549430796884363
0 0.39849921011058453 0.8412222887956861 0.20458135860979462 0.07189934092270821
0 0.6054502369668247 0.8274415817855003 0.19352290679304898 0.09826243259436789
0 0.7883096366508688 0.822947872977831 0.1627172195892575 0.10964649490713002
