0 0.13507109004739337 0.1390053924505692 0.10584518167456555 0.06231276213301378
0 0.33609794628751977 0.13990413421210307 0.18246445497630331 0.0677052127022169
0 0.6066350710900474 0.13930497303774717 0.23222748815165875 0.07489514679448772
0 0.5375197472353871 0.23876572798082685 0.2330173775671406 0.08687837028160575
0 0.792654028436019 0.24266027561414022 0.25355450236966826 0.09586578789694428
0 0.2559241706161137 0.237866986219293 0.21484992101105846 0.07669263031755542
0 0.28515007898894157 0.2914919113241462 0.04739336492890995 0.020970641102456562
0 0.5667456556082149 0.2932893948472139 0.045023696682464455 0.018573996405032954
0 0.5825434439178515 0.3250449370880767 0.07977883096366509 0.03175554224086279
0 0.49249605055292256 0.3957459556620731 0.22511848341232227 0.08568004793289395
0 0.20774091627172195 0.39304973037747154 0.21958925750394945 0.07789095266626722
0 0.7847551342812006 0.3975434391851408 0.22985781990521326 0.08208508088675855
0 0.30252764612954186 0.4724385859796285 0.07582938388625593 0.03894547633313361
0 0.3546603475513428 0.518274415817855 0.07424960505529225 0.03834631515877771
0 0.2559241706161137 0.5062911923307369 0.061611374407582936 0.028759736369083286
