0 0.5043443917851501 0.09736369083283404 0.09873617693522907 0.02696225284601558
0 0.17417061611374407 0.18154583582983824 0.05766192733017377 0.039544637507489516
0 0.2618483412322275 0.18334331935290593 0.04976303317535545 0.0347513481126423
0 0.17851500789889416 0.22468544038346316 0.06003159557661927 0.03834631515877771
0 0.26303317535545023 0.22318753744757341 0.052132701421800945 0.0341521869382864
0 0.26145339652448657 0.26333133612941884 0.04897314375987362 0.0329538645895746
0 0.17654028436018956 0.26033553025763934 0.05134281200631911 0.028160575194727384
0 0.17338072669826224 0.3028759736369083 0.05134281200631911 0.029358897543439184
0 0.28278041074249605 0.3016776512881965 0.08214849921011058 0.028160575194727384
0 0.28001579778830965 0.3376273217495506 0.08293838862559241 0.03774715398442181
0 0.17575039494470773 0.335530257639305 0.054502369668246446 0.0347513481126423
0 0.1769352290679305 0.3702816057519473 0.05687203791469194 0.0347513481126423
0 0.17298578199052134 0.40143798681845416 0.053712480252764615 0.02756141402037148
0 0.2796208530805687 0.37297783103654886 0.08530805687203791 0.035350509286998205
0 0.2740916271721959 0.4056321150389455 0.07740916271721959 0.033553025763930495
0 0.2717219589257504 0.43618933493109646 0.06951026856240126 0.028759736369083286
0 0.2721169036334913 0.4646494907130018 0.06872037914691943 0.029358897543439184
0 0.27567140600315954 0.4958058717795087 0.07424960505529225 0.03175554224086279
0 0.27330173775671407 0.5266626722588377 0.06635071090047394 0.03115638106650689
0 0.1773301737756714 0.4346914319952067 0.05924170616113744 0.029358897543439184
0 0.17298578199052134 0.4643499101258239 0.04897314375987362 0.028759736369083286
0 0.1769352290679305 0.4952067106051528 0.05687203791469194 0.03175554224086279
0 0.17614533965244866 0.5278609946075494 0.05845181674565561 0.0347513481126423
0 0.6046603475513428 0.183043738765728 0.060821484992101105 0.0341521869382864
0 0.6816745655608215 0.18214499700419412 0.05529225908372828 0.0347513481126423
0 0.6832543443917851 0.22288795686039545 0.05529225908372828 0.035949670461354104
0 0.6018957345971564 0.22109047333732776 0.053712480252764615 0.03115638106650689
0 0.6050552922590837 0.2615338526063511 0.05687203791469194 0.03175554224086279
0 0.6978672985781991 0.2609346914319952 0.08609794628751975 0.02696225284601558
0 0.6970774091627172 0.2998801677651288 0.08135860979462875 0.029358897543439184
0 0.6050552922590837 0.304973037747154 0.06003159557661927 0.033553025763930495
0 0.6038704581358609 0.33822648292390656 0.052922590837282776 0.0341521869382864
0 0.6970774091627172 0.3334331935290593 0.08293838862559241 0.028160575194727384
0 0.6943127962085308 0.3648891551827442 0.07582938388625593 0.02396644697423607
0 0.6970774091627172 0.4011384062312762 0.08609794628751975 0.028160575194727384
0 0.6998420221169036 0.4343918514080288 0.08688783570300158 0.028759736369083286
0 0.6974723538704581 0.4622528460155782 0.08372827804107424 0.029358897543439184
0 0.6042654028436019 0.37058118633912523 0.053712480252764615 0.029358897543439184
0 0.6011058451816745 0.40443379269023366 0.052132701421800945 0.03115638106650689
0 0.6018957345971564 0.4343918514080288 0.053712480252764615 0.028759736369083286
0 0.6022906793048973 0.4652486518873577 0.052922590837282776 0.029358897543439184
0 0.17417061611374407 0.5605152786099461 0.054502369668246446 0.0329538645895746
0 0.18246445497630331 0.5898741761533852 0.0679304897314376 0.028160575194727384
0 0.18522906793048974 0.6189334931096465 0.07345971563981042 0.033553025763930495
0 0.174565560821485 0.6539844218094668 0.05845181674565561 0.025763930497303775
0 0.17575039494470773 0.6842420611144397 0.060821484992101105 0.033553025763930495
0 0.17890995260663506 0.7186938286399042 0.05924170616113744 0.03654883163571001
0 0.17298578199052134 0.7519472738166567 0.052132701421800945 0.03115638106650689
0 0.27883096366508686 0.561114439784302 0.08214849921011058 0.03774715398442181
0 0.2764612954186414 0.5946674655482325 0.07740916271721959 0.029358897543439184
0 0.27488151658767773 0.6249251048532055 0.07582938388625593 0.0347513481126423
0 0.2677725118483412 0.6536848412222888 0.06477093206951026 0.026363091671659677
0 0.2669826224328594 0.6791491911324147 0.06635071090047394 0.02696225284601558
0 0.2705371248025276 0.7150988615937688 0.06398104265402843 0.0329538645895746
0 0.2697472353870458 0.7474535650089874 0.06398104265402843 0.0329538645895746
