0 0.2231437598736177 0.1390053924505692 0.1429699842022117 0.039544637507489516
0 0.4364139020537125 0.13421210305572198 0.24723538704581358 0.05512282804074296
0 0.7231437598736177 0.1330137807070102 0.25355450236966826 0.05751947273816657
0 0.7187993680884676 0.20101857399640505 0.24328593996840442 0.056920311563810666
0 0.30647709320695105 0.19982025164769324 0.2401263823064771 0.05572198921509886
0 0.2942338072669826 0.3364289994008388 0.13033175355450236 0.03654883163571001
0 0.4462875197472354 0.3373277411623727 0.12164296998420221 0.035949670461354104
0 0.6642969984202212 0.3361294188136609 0.21958925750394945 0.05032953864589575
0 0.6295418641390206 0.39125224685440385 0.23696682464454977 0.05032953864589575
0 0.344391785150079 0.39245056920311566 0.22748815165876776 0.05032953864589575
0 0.3862559241706161 0.4541641701617735 0.2401263823064771 0.05751947273816657
0 0.6595576619273301 0.45356500898741764 0.22748815165876776 0.05632115038945477
0 0.6615323854660348 0.5131815458358299 0.2235387045813586 0.048532055122828044
0 0.3791469194312796 0.5146794487717196 0.23380726698262244 0.05512282804074296
