0 0.15639810426540285 0.6210305572198922 0.08688783570300158 0.035350509286998205
0 0.27804107424960506 0.6204313960455362 0.0995260663507109 0.040143798681845415
0 0.3957345971563981 0.6210305572198922 0.10900473933649289 0.06291192330736968
0 0.36295418641390204 0.7103055721989215 0.10031595576619273 0.04973037747153985
0 0.19391785150078988 0.7097064110245657 0.07977883096366509 0.04733373277411624
0 0.3048973143759874 0.8124625524266028 0.10584518167456555 0.03714799281006591
0 0.43167456556082145 0.8133612941881366 0.12085308056872038 0.03774715398442181
0 0.5643759873617693 0.8121629718394249 0.13507109004739337 0.04493708807669263
0 0.6978672985781991 0.811264230077891 0.1018957345971564 0.04074295985620132
0 0.6860189573459715 0.8885560215698023 0.1018957345971564 0.035949670461354104
0 0.5667456556082149 0.8885560215698023 0.08609794628751975 0.035949670461354104
0 0.44747235387045814 0.8879568603954464 0.13191153238546605 0.04553624925104853
0 0.30529225908372826 0.8885560215698023 0.11137440758293839 0.04553624925104853
