0 0.18878357030015797 0.158478130617136 0.07740916271721959 0.06051527860994608
0 0.2812006319115324 0.1530856800479329 0.07266982622432859 0.06890353505092871
0 0.37519747235387046 0.16536848412222888 0.07582938388625593 0.07189934092270821
0 0.5912322274881516 0.1330137807070102 0.07345971563981042 0.05751947273816657
0 0.7132701421800948 0.1384062312762133 0.07582938388625593 0.0683043738765728
0 0.8372827804107424 0.13870581186339126 0.07582938388625593 0.06890353505092871
0 0.8380726698262243 0.24835230677052128 0.07582938388625593 0.06890353505092871
0 0.731437598736177 0.24895146794487719 0.07266982622432859 0.0665068903535051
0 0.3404423380726698 0.26033553025763934 0.08056872037914692 0.06291192330736968
0 0.23420221169036334 0.26243259436788496 0.09873617693522907 0.05991611743559017
0 0.34873617693522907 0.4056321150389455 0.07187993680884676 0.05392450569203116
0 0.28672985781990523 0.46794487717195926 0.07109004739336493 0.0659077291791492
0 0.20537124802527645 0.41551827441581785 0.07266982622432859 0.05572198921509886
