0 0.1990521327014218 0.14439784301977232 0.09004739336492891 0.05152786099460755
0 0.292259083728278 0.1635710005991612 0.07424960505529225 0.04074295985620132
0 0.4028436018957346 0.13421210305572198 0.10900473933649289 0.09706411024565609
0 0.580173775671406 0.1336129418813661 0.10821484992101106 0.09586578789694428
0 0.7764612954186414 0.1324146195326543 0.1406003159557662 0.09586578789694428
0 0.30015797788309634 0.25524266027561415 0.1627172195892575 0.09586578789694428
0 0.5304107424960506 0.256141402037148 0.16192733017377567 0.09406830437387657
0 0.759478672985782 0.25524266027561415 0.15560821484992102 0.09586578789694428
0 0.2014218009478673 0.6165368484122229 0.1406003159557662 0.08148591971240264
0 0.40244865718799366 0.616237267825045 0.14770932069510267 0.08328340323547034
0 0.6074249605055292 0.6168364289994008 0.13902053712480253 0.08328340323547034
0 0.7985781990521327 0.6225284601557819 0.13428120063191154 0.08388256440982625
0 0.7187993680884676 0.7300778909526663 0.11848341232227488 0.03654883163571001
0 0.6998420221169036 0.7729179149191132 0.07582938388625593 0.0347513481126423
0 0.7041864139020537 0.8178550029958059 0.08135860979462875 0.03714799281006591
