0 0.24644549763033174 0.38885560215698023 0.0947867298578199 0.035949670461354104
0 0.3732227488151659 0.3618933493109647 0.0655608214849921 0.025164769322947873
0 0.37480252764612954 0.41132414619532653 0.1066350710900474 0.03055721989215099
0 0.6003159557661927 0.3633912522468544 0.15481832543443919 0.05572198921509886
0 0.6101895734597156 0.4286998202516477 0.19510268562401265 0.05092869982025165
0 0.6157187993680885 0.49610545236668663 0.19352290679304898 0.05152786099460755
0 0.6133491311216429 0.5644098262432594 0.20774091627172195 0.0347513481126423
0 0.6113744075829384 0.6249251048532055 0.22432859399684044 0.05032953864589575
0 0.245260663507109 0.5071899340922709 0.09083728278041074 0.03654883163571001
0 0.3838862559241706 0.561114439784302 0.10742496050552923 0.03055721989215099
0 0.24447077409162718 0.5599161174355902 0.10505529225908372 0.03175554224086279
0 0.240521327014218 0.6129418813660875 0.12559241706161137 0.039544637507489516
0 0.23143759873617692 0.7046135410425405 0.12322274881516587 0.05032953864589575
0 0.37598736176935227 0.70760934691432 0.10742496050552923 0.028759736369083286
0 0.6050552922590837 0.6971240263630917 0.22432859399684044 0.05452366686638706
0 0.3566350710900474 0.7783103654883163 0.07661927330173776 0.046734571599760334
0 0.4498420221169036 0.7768124625524266 0.07661927330173776 0.04733373277411624
0 0.6240126382306477 0.8124625524266028 0.07898894154818326 0.08987417615338526
0 0.7069510268562401 0.8079688436189335 0.08372827804107424 0.10005991611743559
0 0.7973933649289099 0.8070701018573997 0.09557661927330173 0.10784901138406232
0 0.533175355450237 0.8214499700419413 0.0995260663507109 0.05991611743559017
0 0.44352290679304895 0.8436189334931097 0.05924170616113744 0.04074295985620132
0 0.367693522906793 0.8418214499700419 0.07977883096366509 0.035949670461354104
0 0.2812006319115324 0.8139604553624925 0.06951026856240126 0.0713001797483523
