0 0.165086887835703 0.11683642899940085 0.1579778830963665 0.0695026962252846
0 0.39691943127962087 0.11683642899940085 0.16982622432859398 0.06470940683043738
0 0.5631911532385466 0.13031755542240864 0.09162717219589257 0.03894547633313361
0 0.7160347551342812 0.1318154583582984 0.11611374407582938 0.035949670461354104
0 0.8570300157977883 0.1324146195326543 0.12006319115323855 0.052726183343319355
0 0.16429699842022116 0.20790892750149792 0.1579778830963665 0.07429598562013182
0 0.40837282780410744 0.20221689634511683 0.1579778830963665 0.07249850209706411
0 0.1457345971563981 0.34811264230077893 0.11295418641390205 0.05392450569203116
0 0.4075829383886256 0.35230677052127024 0.11532385466034754 0.05032953864589575
0 0.5513428120063191 0.31665668064709407 0.05055292259083728 0.04733373277411624
0 0.6903633491311216 0.3250449370880767 0.11058451816745656 0.03175554224086279
0 0.8459715639810427 0.3178550029958059 0.12480252764612954 0.05212702216896345
0 0.5758293838862559 0.42600359496704615 0.0947867298578199 0.03115638106650689
0 0.7109004739336493 0.41791491911324147 0.10742496050552923 0.05212702216896345
0 0.2693522906793049 0.42780107849011384 0.10900473933649289 0.05632115038945477
0 0.4233807266982622 0.4397843019772319 0.10742496050552923 0.05632115038945477
0 0.2768562401263823 0.5041941282204914 0.0924170616113744 0.05212702216896345
0 0.42890995260663506 0.5455362492510486 0.10584518167456555 0.05092869982025165
0 0.3392575039494471 0.5467345715997604 0.08609794628751975 0.05572198921509886
0 0.1579778830963665 0.5434391851408029 0.10900473933649289 0.05512282804074296
0 0.13902053712480253 0.43319352905931696 0.10742496050552923 0.05152786099460755
