0 0.24328593996840442 0.11144397843019772 0.09162717219589257 0.05512282804074296
0 0.4032385466034755 0.10994607549430797 0.0924170616113744 0.05212702216896345
0 0.5762243285939969 0.11503894547633314 0.10821484992101106 0.06111443978430198
0 0.7606635071090048 0.11593768723786699 0.10584518167456555 0.06171360095865788
0 0.22748815165876776 0.21150389454763333 0.08846761453396525 0.05152786099460755
0 0.38941548183254343 0.21210305572198923 0.08530805687203791 0.052726183343319355
0 0.560821484992101 0.21629718394248054 0.10268562401263823 0.05991611743559017
0 0.7460505529225908 0.21599760335530258 0.10347551342812006 0.059316956261234274
0 0.24368088467614535 0.3028759736369083 0.08293838862559241 0.03175554224086279
0 0.3135860979462875 0.304973037747154 0.11216429699842022 0.03714799281006591
0 0.40165876777251186 0.304673457159976 0.11295418641390205 0.03654883163571001
0 0.48657187993680884 0.304673457159976 0.12006319115323855 0.03654883163571001
0 0.5817535545023697 0.30527261833433195 0.11927330173775672 0.035350509286998205
0 0.6686413902053713 0.3121629718394248 0.11295418641390205 0.04913121629718394
0 0.7725118483412322 0.30317555422408626 0.044233807266982623 0.03115638106650689
0 0.7733017377567141 0.3615937687237867 0.05529225908372828 0.03055721989215099
0 0.7740916271721959 0.4316956261234272 0.07109004739336493 0.03175554224086279
0 0.2531595576619273 0.3669862192929898 0.10031595576619273 0.03894547633313361
0 0.36216429699842023 0.36848412222887955 0.10821484992101106 0.03714799281006591
0 0.45813586097946285 0.3663870581186339 0.08214849921011058 0.04134212103055722
0 0.5509478672985781 0.36668663870581186 0.08293838862559241 0.035949670461354104
0 0.646129541864139 0.36848412222887955 0.12480252764612954 0.04074295985620132
0 0.2586887835703002 0.42959856201318153 0.10821484992101106 0.033553025763930495
0 0.37480252764612954 0.4292989814260036 0.11137440758293839 0.03055721989215099
0 0.45023696682464454 0.43019772318753746 0.07109004739336493 0.03714799281006591
0 0.5193522906793049 0.4286998202516477 0.0703001579778831 0.040143798681845415
0 0.594391785150079 0.43079688436189334 0.07661927330173776 0.033553025763930495
0 0.6706161137440758 0.43019772318753746 0.07898894154818326 0.0347513481126423
