0 0.25552922590837285 0.11324146195326543 0.11927330173775672 0.05152786099460755
0 0.4372037914691943 0.11324146195326543 0.1382306477093207 0.05152786099460755
0 0.5501579778830964 0.11683642899940085 0.1018957345971564 0.04074295985620132
0 0.7112954186413902 0.11054523666866388 0.12559241706161137 0.04973037747153985
0 0.2551342812006319 0.1866387058118634 0.12006319115323855 0.05092869982025165
0 0.4486571879936809 0.1866387058118634 0.12006319115323855 0.04973037747153985
0 0.6248025276461295 0.1896345116836429 0.12006319115323855 0.06171360095865788
0 0.43759873617693523 0.27471539844218096 0.12006319115323855 0.06051527860994608
0 0.2559241706161137 0.27591372079089277 0.12006319115323855 0.06171360095865788
0 0.2962085308056872 0.36878370281605755 0.12480252764612954 0.053325344517675254
0 0.495260663507109 0.41162372678250453 0.15639810426540285 0.08627920910724986
0 0.6824644549763033 0.41192330736968247 0.13902053712480253 0.0701018573996405
0 0.29936808846761453 0.4439784301977232 0.12796208530805686 0.052726183343319355
0 0.20734597156398105 0.6228280407429598 0.12717219589257503 0.048532055122828044
0 0.3597946287519747 0.6285200718993409 0.1240126382306477 0.06231276213301378
