0 0.2835703001579779 0.1542840023966447 0.0679304897314376 0.04134212103055722
0 0.7116903633491312 0.1530856800479329 0.09794628751974724 0.040143798681845415
0 0.1872037914691943 0.2516476932294787 0.05529225908372828 0.022768124625524265
0 0.18838862559241706 0.274415817855003 0.05608214849921011 0.022768124625524265
0 0.19075829383886256 0.2998801677651288 0.054502369668246446 0.014979029358897543
0 0.18522906793048974 0.3274415817855003 0.05134281200631911 0.022168963451168366
0 0.1915481832543444 0.359796285200719 0.052922590837282776 0.019772318753744758
0 0.19470774091627172 0.3897543439185141 0.054502369668246446 0.019772318753744758
0 0.19352290679304898 0.4173157579388856 0.053712480252764615 0.012582384661473937
0 0.19273301737756715 0.4427801078490114 0.04897314375987362 0.021569802276812464
0 0.6761453396524486 0.27471539844218096 0.042654028436018954 0.022168963451168366
0 0.6753554502369669 0.3028759736369083 0.04107424960505529 0.019772318753744758
0 0.6832543443917851 0.329239065308568 0.05055292259083728 0.020970641102456562
0 0.6812796208530806 0.35769922109047336 0.04186413902053712 0.022768124625524265
0 0.6943127962085308 0.39035350509287 0.07424960505529225 0.0341521869382864
0 0.6789099526066351 0.41791491911324147 0.045023696682464455 0.022168963451168366
0 0.6800947867298578 0.44727381665668065 0.042654028436018954 0.023367285799880167
0 0.6820695102685624 0.47303774715398444 0.04344391785150079 0.020970641102456562
0 0.6773301737756714 0.49730377471539844 0.035545023696682464 0.02037147992810066
0 0.6919431279620853 0.5269622528460156 0.07109004739336493 0.02456560814859197
0 0.6769352290679305 0.5545236668663871 0.030015797788309637 0.014979029358897543
0 0.6820695102685624 0.5805871779508688 0.03712480252764613 0.011983223487118035
0 0.6804897314375987 0.6111443978430198 0.02764612954186414 0.019173157579388856
0 0.6860189573459715 0.6357100059916118 0.04344391785150079 0.011983223487118035
0 0.6812796208530806 0.6623726782504494 0.045023696682464455 0.01378070701018574
0 0.6883886255924171 0.6863391252246854 0.05134281200631911 0.020970641102456562
0 0.6895734597156398 0.7153984421809467 0.05055292259083728 0.02756141402037148
0 0.6907582938388626 0.7429598562013182 0.054502369668246446 0.028759736369083286
