0 0.7140600315955766 0.15278609946075494 0.13428120063191154 0.0683043738765728
0 0.5979462875197472 0.2366686638705812 0.05687203791469194 0.025164769322947873
0 0.8214849921011058 0.23996405032953866 0.08214849921011058 0.0341521869382864
0 0.8080568720379147 0.286698621929299 0.053712480252764615 0.04134212103055722
0 0.8104265402843602 0.3361294188136609 0.053712480252764615 0.039544637507489516
0 0.5975513428120063 0.2792091072498502 0.05608214849921011 0.03115638106650689
0 0.5971563981042654 0.329239065308568 0.05529225908372828 0.029358897543439184
0 0.6070300157977883 0.378070701018574 0.07819905213270142 0.03115638106650689
0 0.6042654028436019 0.41372079089275016 0.07109004739336493 0.025763930497303775
0 0.6050552922590837 0.44847213900539246 0.07898894154818326 0.02456560814859197
0 0.8100315955766193 0.4559616536848412 0.05766192733017377 0.04313960455362493
0 0.8187203791469194 0.49790293588975437 0.0703001579778831 0.033553025763930495
0 0.6101895734597156 0.4952067106051528 0.08293838862559241 0.03055721989215099
0 0.6117693522906793 0.5344517675254644 0.08609794628751975 0.02756141402037148
0 0.8187203791469194 0.5374475733972439 0.0703001579778831 0.033553025763930495
0 0.8195102685624013 0.5751947273816657 0.07345971563981042 0.03235470341521869
0 0.8175355450236966 0.6132414619532655 0.0679304897314376 0.0329538645895746
0 0.8151658767772512 0.6500898741761534 0.07266982622432859 0.033553025763930495
0 0.8187203791469194 0.6881366087477532 0.07661927330173776 0.0341521869382864
0 0.8246445497630331 0.7285799880167765 0.09320695102685624 0.0347513481126423
0 0.816350710900474 0.7651288196524866 0.06714060031595577 0.028759736369083286
0 0.8167456556082149 0.8151587777112044 0.07266982622432859 0.053325344517675254
0 0.6129541864139021 0.5704014379868184 0.08846761453396525 0.03235470341521869
0 0.6042654028436019 0.6123427201917316 0.07109004739336493 0.03235470341521869
0 0.6070300157977883 0.6503894547633313 0.07503949447077408 0.0341521869382864
0 0.6042654028436019 0.6869382863990413 0.07109004739336493 0.03175554224086279
0 0.6090047393364929 0.7267825044937088 0.08688783570300158 0.033553025763930495
0 0.6141390205371248 0.7663271420011983 0.09083728278041074 0.0347513481126423
0 0.6113744075829384 0.8061713600958658 0.08688783570300158 0.03654883163571001
0 0.6251974723538705 0.8741761533852607 0.11453396524486571 0.05751947273816657
