0 0.17338072669826224 0.48082684242061113 0.08135860979462875 0.053325344517675254
0 0.31437598736176936 0.48082684242061113 0.13902053712480253 0.059316956261234274
0 0.5430489731437599 0.6554823247453565 0.05608214849921011 0.03834631515877771
0 0.7306477093206951 0.7022168963451169 0.08372827804107424 0.025164769322947873
0 0.6899684044233807 0.7243858597962852 0.038704581358609796 0.029958058717795086
0 0.6706161137440758 0.6318154583582984 0.061611374407582936 0.04134212103055722
0 0.6157187993680885 0.6132414619532655 0.04186413902053712 0.04973037747153985
0 0.5410742496050552 0.5997603355302576 0.061611374407582936 0.04433792690233673
0 0.5624012638230648 0.6782504493708807 0.18167456556082148 0.08508088675853805
0 0.344391785150079 0.8547034152186939 0.09320695102685624 0.035350509286998205
0 0.4640600315955766 0.8433193529059317 0.10505529225908372 0.0701018573996405
0 0.6042654028436019 0.8612941881366087 0.15165876777251186 0.10365488316357101
