0 0.17772511848341233 0.11354104254044338 0.15165876777251186 0.053325344517675254
0 0.3854660347551343 0.10934691431995207 0.14691943127962084 0.05572198921509886
0 0.7239336492890995 0.11803475134811264 0.14454976303317535 0.0659077291791492
0 0.39178515007898895 0.26752546434991015 0.1484992101105845 0.053325344517675254
0 0.39060031595576616 0.32983822648292394 0.14770932069510267 0.04973037747153985
0 0.17140600315955765 0.29478729778310364 0.14533965244865718 0.052726183343319355
0 0.1674565560821485 0.4661473936488916 0.11690363349131122 0.03115638106650689
0 0.37006319115323855 0.46494907130017976 0.17298578199052134 0.05032953864589575
0 0.3763823064770932 0.5554224086279209 0.15876777251184834 0.06231276213301378
0 0.7203791469194313 0.4958058717795087 0.15481832543443919 0.04973037747153985
