0 0.14336492890995262 0.13001797483523067 0.12243285939968404 0.05152786099460755
0 0.283175355450237 0.16476932294787297 0.0971563981042654 0.035949670461354104
0 0.42298578199052134 0.12492510485320552 0.12243285939968404 0.03894547633313361
0 0.42417061611374407 0.21000599161174358 0.12164296998420221 0.04493708807669263
0 0.542259083728278 0.1336129418813661 0.05134281200631911 0.05032953864589575
0 0.6299368088467614 0.1324146195326543 0.07819905213270142 0.052726183343319355
0 0.7389415481832543 0.1318154583582984 0.10347551342812006 0.05392450569203116
0 0.8649289099526066 0.12492510485320552 0.10268562401263823 0.03894547633313361
0 0.15007898894154817 0.20790892750149792 0.10900473933649289 0.039544637507489516
0 0.1283570300157978 0.3822648292390653 0.09083728278041074 0.04433792690233673
0 0.27014218009478674 0.38376273217495505 0.11690363349131122 0.04493708807669263
0 0.42417061611374407 0.37956860395446373 0.11532385466034754 0.03774715398442181
0 0.5647709320695102 0.30017974835230676 0.09004739336492891 0.052726183343319355
0 0.7041864139020537 0.2995805871779509 0.11453396524486571 0.052726183343319355
0 0.8550552922590837 0.2956860395446375 0.11769352290679305 0.0329538645895746
0 0.858214849921011 0.372079089275015 0.11611374407582938 0.03834631515877771
0 0.7065560821484992 0.3690832834032355 0.11611374407582938 0.041941282204913125
0 0.5616113744075829 0.37177950868783705 0.0947867298578199 0.03774715398442181
