0 0.2989731437598736 0.12552426602756142 0.15718799368088468 0.04493708807669263
0 0.561216429699842 0.12822049131216298 0.13507109004739337 0.04793289394847214
0 0.7519747235387045 0.12941881366087477 0.09794628751974724 0.03714799281006591
0 0.6615323854660348 0.2771120431396046 0.2156398104265403 0.04733373277411624
0 0.3009478672985782 0.2771120431396046 0.2132701421800948 0.04733373277411624
0 0.3037124802527646 0.41971240263630916 0.20458135860979462 0.04973037747153985
0 0.3203001579778831 0.5964649490713002 0.18404423380726698 0.05572198921509886
0 0.6864139020537124 0.5961653684841223 0.1848341232227488 0.07070101857399641
0 0.6374407582938388 0.7156980227681247 0.1769352290679305 0.05811863391252247
0 0.6425750394944708 0.8040742959856202 0.146129541864139 0.05632115038945477
0 0.3203001579778831 0.7127022168963452 0.20774091627172195 0.04373876572798083
0 0.3187203791469194 0.8013780707010186 0.19510268562401265 0.04733373277411624
