0 0.18246445497630331 0.280407429598562 0.15323854660347552 0.0695026962252846
0 0.3795418641390205 0.28190533253445177 0.15876777251184834 0.0713001797483523
0 0.38704581358609796 0.46255242660275614 0.1263823064770932 0.07070101857399641
0 0.17417061611374407 0.4616536848412223 0.11769352290679305 0.06890353505092871
0 0.31398104265402843 0.6078490113840623 0.06714060031595577 0.035350509286998205
0 0.4490521327014218 0.6075494307968844 0.08293838862559241 0.035949670461354104
0 0.5703001579778831 0.6132414619532655 0.10426540284360189 0.04733373277411624
0 0.7069510268562401 0.6132414619532655 0.0995260663507109 0.04733373277411624
0 0.7057661927330173 0.6791491911324147 0.10505529225908372 0.04733373277411624
0 0.5695102685624013 0.6791491911324147 0.10584518167456555 0.04733373277411624
0 0.4399684044233807 0.6791491911324147 0.10584518167456555 0.04733373277411624
0 0.43799368088467616 0.756740563211504 0.10347551342812006 0.06470940683043738
0 0.5699052132701422 0.7573397243858598 0.10505529225908372 0.0659077291791492
0 0.7061611374407583 0.7555422408627921 0.10426540284360189 0.06710605152786099
0 0.48894154818325436 0.8547034152186939 0.18325434439178515 0.0701018573996405
