0 0.2938388625592417 0.13571000599161176 0.06477093206951026 0.04493708807669263
0 0.38981042654028436 0.22977831036548832 0.05608214849921011 0.046135410425404436
0 0.18127962085308055 0.27171959257040146 0.06398104265402843 0.04973037747153985
0 0.21761453396524486 0.31875374475733975 0.05608214849921011 0.04313960455362493
0 0.26540284360189575 0.3579988016776513 0.04897314375987362 0.04973037747153985
0 0.3175355450236967 0.37777112043139605 0.06003159557661927 0.03654883163571001
0 0.29778830963665087 0.2579388855602157 0.11532385466034754 0.15158777711204313
0 0.2677725118483412 0.5095865787896945 0.10900473933649289 0.07729179149191133
0 0.42614533965244866 0.487717195925704 0.09873617693522907 0.052726183343319355
0 0.42614533965244866 0.5413421210305572 0.09873617693522907 0.04733373277411624
0 0.5789889415481833 0.5437387657279809 0.11690363349131122 0.053325344517675254
0 0.5853080568720379 0.4886159376872379 0.12796208530805686 0.05572198921509886
0 0.7326224328593997 0.4859197124026363 0.10031595576619273 0.04913121629718394
0 0.6007109004739336 0.6363091671659676 0.07345971563981042 0.05152786099460755
0 0.7654028436018957 0.7174955062911923 0.05529225908372828 0.046135410425404436
0 0.44352290679304895 0.6773517076093469 0.05924170616113744 0.04973037747153985
0 0.47709320695102686 0.7121030557219893 0.05055292259083728 0.03654883163571001
0 0.561216429699842 0.8615937687237867 0.07661927330173776 0.035949670461354104
0 0.6492890995260664 0.8633912522468544 0.06635071090047394 0.04913121629718394
0 0.6951026856240127 0.8708807669263032 0.052132701421800945 0.059316956261234274
0 0.6236176935229067 0.7456560814859198 0.20458135860979462 0.12162971839424805
