0 0.3787519747235387 0.1396045536249251 0.24723538704581358 0.0683043738765728
0 0.6567930489731437 0.14050329538645895 0.24723538704581358 0.0701018573996405
0 0.344391785150079 0.24865188735769922 0.24486571879936808 0.0695026962252846
0 0.6560031595576619 0.2342720191731576 0.24407582938388625 0.08388256440982625
0 0.6465244865718799 0.33403235470341525 0.2567140600315956 0.08328340323547034
0 0.34755134281200634 0.35320551228280406 0.25908372827804105 0.0677052127022169
0 0.3787519747235387 0.42959856201318153 0.052922590837282776 0.02396644697423607
0 0.3783570300157978 0.4598562013181546 0.042654028436018954 0.03055721989215099
0 0.3791469194312796 0.49310964649490713 0.07266982622432859 0.021569802276812464
0 0.37085308056872035 0.5218693828639904 0.06240126382306477 0.02037147992810066
0 0.37717219589257506 0.5566207309766327 0.052922590837282776 0.022768124625524265
0 0.5687203791469194 0.5380467345715998 0.044233807266982623 0.022768124625524265
0 0.6386255924170616 0.43618933493109646 0.25829383886255924 0.08268424206111444
0 0.7421011058451816 0.5098861593768724 0.026066350710900472 0.026363091671659677
0 0.7421011058451816 0.5356500898741762 0.03712480252764613 0.02037147992810066
0 0.7428909952606635 0.585380467345716 0.026066350710900472 0.019173157579388856
0 0.5722748815165877 0.5674056321150389 0.06240126382306477 0.02756141402037148
0 0.3704581358609795 0.5865787896944278 0.045813586097946286 0.026363091671659677
