0 0.2823854660347551 0.12552426602756142 0.1240126382306477 0.059316956261234274
0 0.7243285939968405 0.11024565608148593 0.15639810426540285 0.04913121629718394
0 0.2330173775671406 0.20820850808867586 0.07109004739336493 0.03894547633313361
0 0.23262243285939968 0.2516476932294787 0.07345971563981042 0.03714799281006591
0 0.2330173775671406 0.2914919113241462 0.07266982622432859 0.03774715398442181
0 0.23262243285939968 0.3361294188136609 0.07345971563981042 0.03834631515877771
0 0.6370458135860979 0.2037147992810066 0.06398104265402843 0.0347513481126423
0 0.6386255924170616 0.2384661473936489 0.052922590837282776 0.035949670461354104
0 0.6386255924170616 0.27561414020371483 0.07503949447077408 0.0347513481126423
0 0.6390205371248026 0.3115638106650689 0.08056872037914692 0.03714799281006591
0 0.6382306477093207 0.35110844817255843 0.07898894154818326 0.04433792690233673
0 0.6402053712480252 0.3906530856800479 0.05608214849921011 0.035949670461354104
0 0.6409952606635071 0.43319352905931696 0.06398104265402843 0.05032953864589575
0 0.6374407582938388 0.48142600359496707 0.05529225908372828 0.04733373277411624
0 0.6394154818325435 0.5278609946075494 0.0655608214849921 0.04793289394847214
0 0.6394154818325435 0.5760934691431996 0.0703001579778831 0.048532055122828044
