0 0.26303317535545023 0.14379868184541642 0.08530805687203791 0.04793289394847214
0 0.419826224328594 0.13870581186339126 0.08609794628751975 0.048532055122828044
0 0.5774091627172195 0.13630916716596764 0.10584518167456555 0.048532055122828044
0 0.735387045813586 0.14230077890952667 0.08688783570300158 0.06171360095865788
0 0.731042654028436 0.21030557219892151 0.08293838862559241 0.06111443978430198
0 0.7365718799368088 0.27531455961653684 0.08451816745655608 0.06291192330736968
0 0.5521327014218009 0.2660275614140204 0.08688783570300158 0.05152786099460755
0 0.4127172195892575 0.26932294787297784 0.08609794628751975 0.053325344517675254
0 0.26816745655608215 0.39604553624925104 0.08767772511848342 0.04913121629718394
0 0.41903633491311215 0.40143798681845416 0.08767772511848342 0.05751947273816657
0 0.5805687203791469 0.3978430197723188 0.08846761453396525 0.052726183343319355
0 0.7278830963665087 0.39634511683642903 0.08767772511848342 0.05452366686638706
0 0.6248025276461295 0.5035949670461354 0.10268562401263823 0.053325344517675254
0 0.43483412322274884 0.5005991611743559 0.13665086887835703 0.06171360095865788
