0 0.1623222748815166 0.40772917914919116 0.16192733017377567 0.07369682444577591
0 0.3957345971563981 0.4071300179748352 0.17535545023696683 0.07369682444577591
0 0.7176145339652449 0.4182144997004194 0.12717219589257503 0.13421210305572198
0 0.5928120063191153 0.5877771120431396 0.07977883096366509 0.041941282204913125
0 0.4411532385466035 0.5904733373277412 0.07977883096366509 0.03654883163571001
0 0.31319115323854657 0.6647693229478729 0.13191153238546605 0.06051527860994608
0 0.5130331753554502 0.665068903535051 0.1524486571879937 0.05991611743559017
0 0.6974723538704581 0.6698621929298981 0.10900473933649289 0.033553025763930495
0 0.30963665086887837 0.7477531455961653 0.12480252764612954 0.028759736369083286
0 0.5043443917851501 0.7465548232474536 0.12559241706161137 0.041941282204913125
0 0.6879936808846762 0.7483523067705213 0.10110584518167456 0.04074295985620132
0 0.5916271721958926 0.8322348711803476 0.08530805687203791 0.1042540443379269
0 0.43285939968404424 0.8316357100059917 0.08056872037914692 0.07549430796884363
