0 0.27527646129541866 0.0713001797483523 0.11295418641390205 0.028759736369083286
0 0.3937598736176935 0.0841821449970042 0.10979462875197472 0.048532055122828044
0 0.533175355450237 0.07399640503295386 0.15639810426540285 0.029358897543439184
0 0.6903633491311216 0.07459556620730977 0.13902053712480253 0.025763930497303775
0 0.7112954186413902 0.14140203714799282 0.09873617693522907 0.02756141402037148
0 0.6125592417061612 0.1426003594967046 0.09557661927330173 0.0695026962252846
0 0.5118483412322274 0.1426003594967046 0.0947867298578199 0.033553025763930495
0 0.3988941548183254 0.14289994008388257 0.12480252764612954 0.02456560814859197
0 0.2740916271721959 0.19772318753744758 0.11532385466034754 0.026363091671659677
0 0.3937598736176935 0.20880766926303176 0.11295418641390205 0.01737567405632115
0 0.4932859399684044 0.21180347513481126 0.06872037914691943 0.019772318753744758
