0 0.16903633491311215 0.27860994607549433 0.16903633491311215 0.07669263031755542
0 0.3740126382306477 0.2714200119832235 0.11769352290679305 0.0994607549430797
0 0.3558451816745656 0.38885560215698023 0.1429699842022117 0.11024565608148593
0 0.16113744075829384 0.38945476333133616 0.14375987361769352 0.10784901138406232
0 0.14731437598736177 0.5775913720790893 0.09873617693522907 0.08747753145596165
0 0.3380726698262243 0.5781905332534452 0.11058451816745656 0.09227082085080887
0 0.5343601895734597 0.5781905332534452 0.10979462875197472 0.08867585380467347
0 0.7440758293838863 0.5698022768124625 0.12164296998420221 0.10784901138406232
0 0.7476303317535545 0.7711204313960456 0.12243285939968404 0.10665068903535051
0 0.5355450236966824 0.7714200119832235 0.13902053712480253 0.1048532055122828
0 0.353870458135861 0.7759137207908927 0.11216429699842022 0.09706411024565609
0 0.15402843601895735 0.7768124625524266 0.11532385466034754 0.09646494907130018
