0 0.15916271721958924 0.1530856800479329 0.0703001579778831 0.04134212103055722
0 0.29660347551342814 0.1506890353505093 0.12085308056872038 0.04733373277411624
0 0.4537914691943128 0.1530856800479329 0.10979462875197472 0.04373876572798083
0 0.6212480252764613 0.152486518873577 0.1429699842022117 0.04254044337926902
0 0.7902843601895735 0.15338526063511085 0.10979462875197472 0.03714799281006591
0 0.6812796208530806 0.2237866986219293 0.1240126382306477 0.04134212103055722
0 0.5335703001579779 0.22288795686039545 0.12717219589257503 0.04433792690233673
0 0.3834913112164297 0.22318753744757341 0.11453396524486571 0.046135410425404436
0 0.48578199052132703 0.2855002995805872 0.11216429699842022 0.0341521869382864
0 0.33649289099526064 0.2855002995805872 0.11058451816745656 0.03894547633313361
0 0.2353870458135861 0.22318753744757341 0.11848341232227488 0.046135410425404436
0 0.18325434439178515 0.2852007189934092 0.12006319115323855 0.03115638106650689
0 0.16113744075829384 0.35230677052127024 0.08214849921011058 0.0347513481126423
0 0.2424960505529226 0.35380467345716 0.08056872037914692 0.056920311563810666
0 0.37598736176935227 0.35380467345716 0.12164296998420221 0.04373876572798083
0 0.5181674565560821 0.35380467345716 0.12006319115323855 0.040143798681845415
0 0.6761453396524486 0.35350509286998205 0.12164296998420221 0.041941282204913125
0 0.8210900473933649 0.35470341521869386 0.1066350710900474 0.03714799281006591
0 0.8226698262243286 0.22468544038346316 0.10347551342812006 0.04074295985620132
0 0.12480252764612954 0.5542240862792092 0.05845181674565561 0.03115638106650689
0 0.25 0.5524266027561414 0.11137440758293839 0.033553025763930495
0 0.3732227488151659 0.5527261833433194 0.11453396524486571 0.03175554224086279
0 0.37756714060031593 0.615937687237867 0.07740916271721959 0.04553624925104853
0 0.2551342812006319 0.6165368484122229 0.08688783570300158 0.04313960455362493
0 0.13467614533965244 0.6165368484122229 0.08451816745655608 0.04553624925104853
0 0.1966824644549763 0.6941282204913122 0.10742496050552923 0.06411024565608149
