0 0.28001579778830965 0.14649490713001798 0.0924170616113744 0.04373876572798083
0 0.4206161137440758 0.1431995206710605 0.06872037914691943 0.035949670461354104
0 0.6536334913112164 0.14230077890952667 0.16982622432859398 0.07609346914319952
0 0.5288309636650869 0.36668663870581186 0.09399684044233807 0.06231276213301378
0 0.3854660347551343 0.36998202516476936 0.09794628751974724 0.056920311563810666
0 0.46998420221169035 0.4643499101258239 0.08846761453396525 0.06351108448172559
0 0.35821484992101105 0.46554823247453564 0.0924170616113744 0.06231276213301378
0 0.6540284360189573 0.46375074895146795 0.09636650868878358 0.05871779508687837
0 0.740521327014218 0.5419412822049131 0.07819905213270142 0.053325344517675254
0 0.6670616113744076 0.6087477531455961 0.13033175355450236 0.0683043738765728
0 0.49170616113744076 0.610245656081486 0.10505529225908372 0.06171360095865788
0 0.31240126382306477 0.6123427201917316 0.18404423380726698 0.07429598562013182
0 0.5035545023696683 0.7183942480527262 0.179304897314376 0.08388256440982625
