0 0.14691943127962084 0.12252846015578191 0.08846761453396525 0.03654883163571001
0 0.2677725118483412 0.121929298981426 0.0947867298578199 0.0341521869382864
0 0.39178515007898895 0.12162971839424805 0.09004739336492891 0.035949670461354104
0 0.3909952606635071 0.1695626123427202 0.11216429699842022 0.035949670461354104
0 0.27014218009478674 0.1695626123427202 0.10268562401263823 0.035949670461354104
0 0.15442338072669826 0.1695626123427202 0.1018957345971564 0.035949670461354104
0 0.1481042654028436 0.21180347513481126 0.11295418641390205 0.03654883163571001
0 0.2713270142180095 0.21330137807070101 0.10505529225908372 0.0347513481126423
0 0.3981042654028436 0.2127022168963451 0.10584518167456555 0.035949670461354104
0 0.37993680884676145 0.26333133612941884 0.06951026856240126 0.03894547633313361
0 0.27014218009478674 0.26333133612941884 0.10426540284360189 0.035350509286998205
0 0.15995260663507108 0.26842420611144396 0.11453396524486571 0.046734571599760334
