0 0.13744075829383887 0.13571000599161176 0.08688783570300158 0.05811863391252247
0 0.27488151658767773 0.13451168364289995 0.08688783570300158 0.053325344517675254
0 0.40165876777251186 0.1360095865787897 0.08609794628751975 0.05392450569203116
0 0.5627962085308057 0.1360095865787897 0.11769352290679305 0.07789095266626722
0 0.7116903633491312 0.13271420011983223 0.10900473933649289 0.09646494907130018
0 0.8558451816745656 0.13451168364289995 0.09399684044233807 0.09167165967645297
0 0.5545023696682464 0.2726183343319353 0.1406003159557662 0.08987417615338526
0 0.8408372827804107 0.2711204313960455 0.12243285939968404 0.09406830437387657
0 0.2456556082148499 0.48532055122828044 0.0947867298578199 0.11264230077890953
0 0.4794628751974723 0.44607549430796883 0.11848341232227488 0.11324146195326543
0 0.7266982622432859 0.48412222887956863 0.1406003159557662 0.11264230077890953
0 0.6749605055292259 0.6138406231276213 0.14139020537124802 0.10724985020970641
0 0.46998420221169035 0.6321150389454764 0.13270142180094788 0.10904733373277412
0 0.2871248025276461 0.6156381066506891 0.12243285939968404 0.11084481725584182
0 0.21090047393364927 0.8025763930497304 0.07740916271721959 0.05452366686638706
0 0.3712480252764613 0.7986818454164171 0.12322274881516587 0.05512282804074296
0 0.5742496050552922 0.8028759736369083 0.12164296998420221 0.05392450569203116
0 0.7701421800947867 0.804973037747154 0.11532385466034754 0.11084481725584182
