0 0.38783570300157977 0.1854403834631516 0.07266982622432859 0.05092869982025165
0 0.5193522906793049 0.18334331935290593 0.08135860979462875 0.04313960455362493
0 0.5197472353870458 0.24116237267825044 0.08530805687203791 0.04493708807669263
0 0.518957345971564 0.2938885560215698 0.08688783570300158 0.04134212103055722
0 0.38981042654028436 0.29298981426003595 0.05766192733017377 0.03714799281006591
0 0.3886255924170616 0.24116237267825044 0.07109004739336493 0.040143798681845415
0 0.38783570300157977 0.33403235470341525 0.05055292259083728 0.016177351707609346
0 0.38981042654028436 0.4068304373876573 0.054502369668246446 0.014379868184541643
0 0.5213270142180094 0.4224086279209107 0.08688783570300158 0.04313960455362493
0 0.5181674565560821 0.4751348112642301 0.08688783570300158 0.04313960455362493
0 0.5201421800947867 0.5272618334331935 0.08293838862559241 0.04313960455362493
0 0.38665086887835703 0.5227681246255242 0.09557661927330173 0.0341521869382864
0 0.3886255924170616 0.5817855002995806 0.08530805687203791 0.041941282204913125
0 0.5197472353870458 0.6324146195326543 0.08530805687203791 0.04254044337926902
0 0.5213270142180094 0.6845416417016178 0.09636650868878358 0.03774715398442181
0 0.38783570300157977 0.6336129418813661 0.08846761453396525 0.04254044337926902
0 0.3890205371248025 0.6869382863990413 0.09083728278041074 0.04373876572798083
0 0.5181674565560821 0.737866986219293 0.08530805687203791 0.04254044337926902
0 0.5217219589257504 0.7887956860395446 0.10031595576619273 0.04134212103055722
0 0.3862559241706161 0.732174955062912 0.0995260663507109 0.029958058717795086
0 0.38981042654028436 0.7834032354703415 0.0924170616113744 0.02696225284601558
