0 0.13230647709320695 0.1348112642300779 0.10031595576619273 0.06710605152786099
0 0.27567140600315954 0.13391252246854404 0.10268562401263823 0.0665068903535051
0 0.43364928909952605 0.1366087477531456 0.10584518167456555 0.06710605152786099
0 0.5770142180094787 0.14140203714799282 0.10821484992101106 0.07070101857399641
0 0.6947077409162717 0.1348112642300779 0.0703001579778831 0.033553025763930495
0 0.8428120063191153 0.14170161773517076 0.15323854660347552 0.06890353505092871
0 0.7132701421800948 0.2660275614140204 0.045813586097946286 0.026363091671659677
0 0.8412322274881516 0.2714200119832235 0.15165876777251186 0.07189934092270821
0 0.4225908372827804 0.2711204313960455 0.10584518167456555 0.06411024565608149
0 0.590047393364929 0.27171959257040146 0.15165876777251186 0.0701018573996405
0 0.14691943127962084 0.44248052726183346 0.12954186413902052 0.03654883163571001
0 0.25908372827804105 0.4517675254643499 0.09162717219589257 0.029958058717795086
0 0.405608214849921 0.43319352905931696 0.15560821484992102 0.07549430796884363
0 0.29265402843601895 0.5829838226482924 0.0339652448657188 0.03834631515877771
0 0.1844391785150079 0.5898741761533852 0.15402843601895735 0.07609346914319952
0 0.40442338072669826 0.5895745955662073 0.1579778830963665 0.07429598562013182
