0 0.283175355450237 0.14469742360695026 0.22985781990521326 0.08088675853804674
0 0.15323854660347552 0.2609346914319952 0.05529225908372828 0.022168963451168366
0 0.15363349131121642 0.28759736369083283 0.054502369668246446 0.02037147992810066
0 0.1528436018957346 0.31545835829838226 0.05134281200631911 0.020970641102456562
0 0.15205371248025276 0.34721390053924506 0.04186413902053712 0.03175554224086279
0 0.15402843601895735 0.3846614739364889 0.05055292259083728 0.03115638106650689
0 0.15481832543443919 0.4224086279209107 0.05055292259083728 0.03115638106650689
0 0.15363349131121642 0.46135410425404433 0.04818325434439179 0.03115638106650689
0 0.15363349131121642 0.4988016776512882 0.04976303317535545 0.0329538645895746
0 0.15323854660347552 0.536249251048532 0.052132701421800945 0.03115638106650689
