0 0.1943127962085308 0.2067106051527861 0.05529225908372828 0.0347513481126423
0 0.3499210110584518 0.10964649490713002 0.19273301737756715 0.04553624925104853
0 0.5643759873617693 0.11024565608148593 0.1382306477093207 0.04433792690233673
0 0.7456556082148499 0.11024565608148593 0.13902053712480253 0.04433792690233673
0 0.18759873617693523 0.3211503894547633 0.15718799368088468 0.039544637507489516
0 0.48696682464454977 0.32534451767525463 0.17614533965244866 0.04793289394847214
0 0.7800157977883097 0.3211503894547633 0.21248025276461296 0.04793289394847214
0 0.6267772511848341 0.34002396644697425 0.07187993680884676 0.0341521869382864
0 0.5793838862559242 0.3825644098262433 0.1966824644549763 0.04733373277411624
0 0.273696682464455 0.3834631515877771 0.19826224328593997 0.04793289394847214
0 0.13665086887835703 0.5113840623127621 0.036334913112164295 0.03175554224086279
0 0.334913112164297 0.5149790293588975 0.12006319115323855 0.04373876572798083
0 0.570695102685624 0.5146794487717196 0.160347551342812 0.04553624925104853
0 0.6974723538704581 0.5299580587177951 0.05529225908372828 0.03055721989215099
0 0.8088467614533965 0.5140802875973637 0.1406003159557662 0.04553624925104853
0 0.28554502369668244 0.5880766926303176 0.13665086887835703 0.04493708807669263
0 0.19984202211690363 0.5401437986818455 0.0995260663507109 0.035350509286998205
