0 0.17614533965244866 0.11324146195326543 0.16587677725118483 0.08867585380467347
0 0.372432859399684 0.10844817255841822 0.19510268562401265 0.09107249850209706
0 0.5975513428120063 0.11743559017375674 0.1287519747235387 0.06351108448172559
0 0.825434439178515 0.1165368484122229 0.12954186413902052 0.06291192330736968
0 0.2819905213270142 0.2249850209706411 0.15481832543443919 0.06411024565608149
0 0.5829383886255924 0.20521270221689636 0.11848341232227488 0.06411024565608149
0 0.7397314375987362 0.20790892750149792 0.11927330173775672 0.06111443978430198
0 0.8360979462875198 0.28400239664469745 0.12085308056872038 0.06231276213301378
0 0.6528436018957345 0.28280407429598564 0.174565560821485 0.04913121629718394
0 0.1409952606635071 0.3669862192929898 0.11611374407582938 0.046135410425404436
0 0.29067930489731436 0.37417615338526067 0.11690363349131122 0.04493708807669263
0 0.42614533965244866 0.3738765727980827 0.11295418641390205 0.04553624925104853
0 0.11848341232227488 0.530257639304973 0.07109004739336493 0.06111443978430198
0 0.2768562401263823 0.5314559616536848 0.06714060031595577 0.05991611743559017
0 0.4470774091627172 0.5335530257639305 0.07266982622432859 0.059316956261234274
