0 0.20023696682464454 0.1482923906530857 0.12085308056872038 0.08448172558418214
0 0.3432069510268562 0.13750748951467945 0.09399684044233807 0.0665068903535051
0 0.19470774091627172 0.31845416417016176 0.11295418641390205 0.07489514679448772
0 0.3372827804107425 0.31845416417016176 0.0995260663507109 0.11084481725584182
0 0.584518167456556 0.14439784301977232 0.11374407582938388 0.07549430796884363
0 0.7164296998420221 0.14140203714799282 0.11690363349131122 0.08028759736369083
0 0.584518167456556 0.2636309167165968 0.13902053712480253 0.10665068903535051
0 0.7251184834123222 0.24985020970641103 0.17535545023696683 0.1330137807070102
0 0.8388625592417062 0.2555422408627921 0.15481832543443919 0.12282804074295986
0 0.5762243285939969 0.45955662073097664 0.04976303317535545 0.05751947273816657
0 0.7089257503949447 0.4601557819053326 0.1287519747235387 0.04793289394847214
0 0.8424170616113744 0.4604553624925105 0.052922590837282776 0.056920311563810666
0 0.7140600315955766 0.5808867585380467 0.08846761453396525 0.07249850209706411
0 0.8329383886255924 0.5790892750149791 0.09083728278041074 0.07489514679448772
0 0.5857030015797788 0.5742959856201318 0.054502369668246446 0.05811863391252247
