0 0.2551342812006319 0.12672258837627323 0.0679304897314376 0.04254044337926902
0 0.33570300157977884 0.11923307369682445 0.07109004739336493 0.04913121629718394
0 0.4794628751974723 0.12462552426602756 0.12480252764612954 0.0683043738765728
0 0.669826224328594 0.12372678250449372 0.12322274881516587 0.07968843618933494
0 0.7215639810426541 0.23487118034751348 0.1287519747235387 0.09706411024565609
0 0.5639810426540284 0.2360695026962253 0.12322274881516587 0.0659077291791492
0 0.40718799368088465 0.23517076093469144 0.12559241706161137 0.06530856800479329
0 0.2618483412322275 0.22618334331935291 0.0924170616113744 0.04493708807669263
0 0.32424960505529227 0.3331336129418814 0.12243285939968404 0.1018573996405033
0 0.5003949447077409 0.3313361294188137 0.146129541864139 0.1018573996405033
0 0.6496840442338072 0.30707010185739964 0.10031595576619273 0.04373876572798083
0 0.7349921011058451 0.335530257639305 0.08609794628751975 0.052726183343319355
0 0.6449447077409163 0.35949670461354105 0.0703001579778831 0.03714799281006591
0 0.26895734597156395 0.487717195925704 0.07503949447077408 0.05032953864589575
0 0.4040284360189573 0.49041342121030557 0.09083728278041074 0.04973037747153985
0 0.5343601895734597 0.4868184541641702 0.08451816745655608 0.06291192330736968
0 0.6864139020537124 0.4970041941282205 0.12480252764612954 0.07369682444577591
0 0.6903633491311216 0.5940683043738766 0.1484992101105845 0.09646494907130018
0 0.48854660347551343 0.5865787896944278 0.14139020537124802 0.07908927501497903
0 0.3009478672985782 0.6006590772917915 0.11690363349131122 0.053325344517675254
0 0.3791469194312796 0.6803475134811264 0.15007898894154817 0.1012582384661474
0 0.5552922590837283 0.6818454164170162 0.09162717219589257 0.05032953864589575
0 0.6769352290679305 0.6854403834631516 0.09794628751974724 0.041941282204913125
