0 0.21682464454976302 0.21240263630916717 0.165086887835703 0.07369682444577591
0 0.40165876777251186 0.21180347513481126 0.16350710900473933 0.07369682444577591
0 0.3246445497630332 0.6216297183942481 0.20537124802527645 0.07369682444577591
0 0.37796208530805686 0.6872378669862194 0.05924170616113744 0.03714799281006591
0 0.7093206951026856 0.6177351707609348 0.2353870458135861 0.06111443978430198
0 0.5975513428120063 0.6749550629119233 0.045023696682464455 0.046135410425404436
0 0.6575829383886256 0.6860395446375075 0.05608214849921011 0.03714799281006591
0 0.7227488151658767 0.6743559017375674 0.05529225908372828 0.03654883163571001
0 0.7839652448657188 0.6704613541042541 0.052922590837282776 0.03834631515877771
0 0.8436018957345971 0.67106051527861 0.052132701421800945 0.03834631515877771
0 0.17377567140600317 0.8594967046135411 0.17061611374407581 0.053325344517675254
0 0.3645339652448657 0.8606950269622529 0.09399684044233807 0.04254044337926902
0 0.4332543443917851 0.8642899940083882 0.06240126382306477 0.056920311563810666
0 0.509083728278041 0.8579988016776513 0.08293838862559241 0.041941282204913125
0 0.5793838862559242 0.8579988016776513 0.060821484992101105 0.03714799281006591
0 0.646129541864139 0.8669862192929898 0.06003159557661927 0.05991611743559017
0 0.7219589257503949 0.8544038346315159 0.08372827804107424 0.04074295985620132
0 0.7966034755134281 0.8582983822648292 0.060821484992101105 0.03894547633313361
0 0.8767772511848341 0.8651887357699222 0.07898894154818326 0.05991611743559017
