0 0.2033965244865719 0.5032953864589574 0.21879936808846762 0.09586578789694428
0 0.3953396524486572 0.5026962252846016 0.15086887835703 0.1006590772917915
0 0.3823064770932069 0.6542840023966447 0.1769352290679305 0.0994607549430797
0 0.18404423380726698 0.6560814859197124 0.18009478672985782 0.0994607549430797
0 0.495260663507109 0.7831036548831636 0.19273301737756715 0.07789095266626722
0 0.35821484992101105 0.8481126423007789 0.07503949447077408 0.0341521869382864
0 0.3613744075829384 0.8936488915518275 0.07345971563981042 0.04493708807669263
0 0.5379146919431279 0.8457159976033554 0.0947867298578199 0.0341521869382864
0 0.5240916271721959 0.89035350509287 0.06714060031595577 0.03235470341521869
0 0.7124802527646129 0.8478130617136009 0.07266982622432859 0.03714799281006591
0 0.7140600315955766 0.8867585380467345 0.07740916271721959 0.041941282204913125
