0 0.2930489731437599 0.1530856800479329 0.1627172195892575 0.10365488316357101
0 0.5339652448657188 0.16207309766327144 0.15955766192733017 0.059316956261234274
0 0.7041864139020537 0.15518274415817856 0.16350710900473933 0.1006590772917915
0 0.3645339652448657 0.35110844817255843 0.15718799368088468 0.05632115038945477
0 0.523696682464455 0.3496105452366687 0.16113744075829384 0.059316956261234274
0 0.6875987361769352 0.35230677052127024 0.165086887835703 0.0994607549430797
0 0.33096366508688785 0.43828639904134215 0.04739336492890995 0.0329538645895746
0 0.3933649289099526 0.4397843019772319 0.036334913112164295 0.026363091671659677
0 0.46050552922590837 0.44307968843618933 0.06635071090047394 0.020970641102456562
0 0.46050552922590837 0.44307968843618933 0.06635071090047394 0.020970641102456562
0 0.5383096366508688 0.43828639904134215 0.04818325434439179 0.03175554224086279
0 0.6117693522906793 0.4418813660874775 0.054502369668246446 0.018573996405032954
0 0.2626382306477093 0.5874775314559617 0.10347551342812006 0.05452366686638706
0 0.40165876777251186 0.5895745955662073 0.12717219589257503 0.052726183343319355
0 0.5450236966824644 0.5850808867585381 0.16113744075829384 0.059316956261234274
0 0.7057661927330173 0.5844817255841822 0.160347551342812 0.06411024565608149
0 0.3957345971563981 0.6788496105452367 0.24486571879936808 0.07429598562013182
