0 0.2740916271721959 0.10964649490713002 0.18167456556082148 0.09586578789694428
0 0.4928909952606635 0.11414020371479928 0.20063191153238547 0.08448172558418214
0 0.7259083728278041 0.11563810665068903 0.20537124802527645 0.08627920910724986
0 0.7191943127962085 0.2495506291192331 0.23459715639810427 0.10964649490713002
0 0.48973143759873616 0.2513481126423008 0.1895734597156398 0.1048532055122828
0 0.2650078988941548 0.25524266027561415 0.19984202211690363 0.09227082085080887
0 0.15205371248025276 0.438885560215698 0.12085308056872038 0.12402636309167166
0 0.4000789889415482 0.4409826243259437 0.13191153238546605 0.10665068903535051
0 0.6129541864139021 0.42780107849011384 0.20695102685624012 0.09107249850209706
0 0.8230647709320695 0.43109646494907133 0.18799368088467613 0.08927501497902936
0 0.618088467614534 0.5479328939484721 0.19984202211690363 0.07489514679448772
0 0.8151658767772512 0.548831635710006 0.20221169036334913 0.07549430796884363
