0 0.3882306477093207 0.22708208508088676 0.10821484992101106 0.04074295985620132
0 0.5193522906793049 0.22738166566806473 0.0971563981042654 0.040143798681845415
0 0.518957345971564 0.17675254643499103 0.09794628751974724 0.04313960455362493
0 0.5201421800947867 0.2792091072498502 0.10347551342812006 0.041941282204913125
0 0.5205371248025277 0.33283403235470344 0.09636650868878358 0.04373876572798083
0 0.5169826224328594 0.38825644098262435 0.10347551342812006 0.04433792690233673
0 0.5173775671406003 0.43708807669263033 0.0995260663507109 0.03055721989215099
0 0.3909952606635071 0.38915518274415817 0.0995260663507109 0.04373876572798083
0 0.5181674565560821 0.4799281006590773 0.0947867298578199 0.033553025763930495
0 0.38783570300157977 0.48082684242061113 0.10110584518167456 0.0329538645895746
0 0.518562401263823 0.5254643499101258 0.10347551342812006 0.035949670461354104
0 0.518562401263823 0.5665068903535051 0.0703001579778831 0.03055721989215099
0 0.518957345971564 0.6153385260635111 0.10110584518167456 0.04553624925104853
0 0.38783570300157977 0.5656081485919713 0.07582938388625593 0.02756141402037148
0 0.38704581358609796 0.5254643499101258 0.10900473933649289 0.033553025763930495
0 0.3882306477093207 0.6740563211503895 0.1066350710900474 0.04793289394847214
0 0.518562401263823 0.6734571599760336 0.1018957345971564 0.046734571599760334
0 0.5213270142180094 0.7324745356500899 0.06951026856240126 0.05092869982025165
0 0.5193522906793049 0.7917914919113241 0.0703001579778831 0.04733373277411624
0 0.5181674565560821 0.8478130617136009 0.08214849921011058 0.039544637507489516
0 0.38783570300157977 0.8436189334931097 0.09636650868878358 0.033553025763930495
0 0.38783570300157977 0.79239065308568 0.07740916271721959 0.05092869982025165
0 0.5181674565560821 0.9008388256440982 0.08372827804107424 0.04134212103055722
0 0.39060031595576616 0.9032354703415219 0.10347551342812006 0.05092869982025165
