0 0.2551342812006319 0.1288196524865189 0.0995260663507109 0.04553624925104853
0 0.3625592417061611 0.13091671659676454 0.0631911532385466 0.020970641102456562
0 0.5047393364928909 0.12852007189934092 0.12954186413902052 0.048532055122828044
0 0.6733807266982622 0.12642300778909527 0.1018957345971564 0.041941282204913125
0 0.6721958925750395 0.19412822049131218 0.2575039494470774 0.07789095266626722
0 0.665086887835703 0.28190533253445177 0.2306477093206951 0.07968843618933494
0 0.665086887835703 0.3615937687237867 0.23222748815165875 0.07849011384062313
0 0.43838862559241704 0.1932294787297783 0.10110584518167456 0.046135410425404436
0 0.2910742496050553 0.19922109047333733 0.17772511848341233 0.07849011384062313
0 0.367693522906793 0.2825044937088077 0.26303317535545023 0.07849011384062313
0 0.3380726698262243 0.384361893349311 0.2622432859399684 0.07849011384062313
0 0.457740916271722 0.4457759137207909 0.24407582938388625 0.07789095266626722
0 0.6824644549763033 0.45446375074895146 0.24328593996840442 0.07729179149191133
0 0.31516587677725116 0.5233672857998802 0.25118483412322273 0.07968843618933494
0 0.3080568720379147 0.627920910724985 0.17851500789889416 0.07908927501497903
0 0.43601895734597157 0.6270221689634512 0.061611374407582936 0.019772318753744758
0 0.6204581358609794 0.622228879568604 0.2093206951026856 0.07849011384062313
0 0.6548183254344392 0.7926902336728581 0.20221169036334913 0.07789095266626722
0 0.5872827804107424 0.6917315757938886 0.21090047393364927 0.07729179149191133
0 0.3518957345971564 0.7869982025164769 0.20774091627172195 0.07849011384062313
0 0.32385466034755134 0.70760934691432 0.20537124802527645 0.07789095266626722
