0 0.3815165876777251 0.09526662672258839 0.17851500789889416 0.0659077291791492
0 0.6022906793048973 0.09676452965847814 0.22195892575039494 0.0665068903535051
0 0.4921011058451817 0.20281605751947274 0.2669826224328594 0.0701018573996405
0 0.33649289099526064 0.2774116237267825 0.10426540284360189 0.04793289394847214
0 0.5138230647709321 0.2762133013780707 0.10031595576619273 0.07189934092270821
0 0.6903633491311216 0.2669263031755542 0.12954186413902052 0.048532055122828044
0 0.23499210110584517 0.39185140802875973 0.08451816745655608 0.08747753145596165
0 0.6188783570300158 0.39185140802875973 0.165086887835703 0.08508088675853805
0 0.8116113744075829 0.39844218094667466 0.16192733017377567 0.09586578789694428
0 0.6074249605055292 0.5287597363690832 0.13428120063191154 0.12162971839424805
0 0.8116113744075829 0.5413421210305572 0.16350710900473933 0.09646494907130018
