0 0.2942338072669826 0.1354104254044338 0.0655608214849921 0.029958058717795086
0 0.29739336492890994 0.1683642899940084 0.08293838862559241 0.02756141402037148
0 0.424565560821485 0.13571000599161176 0.06240126382306477 0.02696225284601558
0 0.4233807266982622 0.1677651288196525 0.0631911532385466 0.02756141402037148
0 0.42417061611374407 0.1989215098861594 0.037914691943127965 0.017974835230677052
0 0.4253554502369668 0.23277411623726782 0.07977883096366509 0.023367285799880167
0 0.29739336492890994 0.19982025164769324 0.0703001579778831 0.025763930497303775
0 0.29660347551342814 0.2336728579988017 0.052922590837282776 0.03235470341521869
0 0.42298578199052134 0.2672258837627322 0.0655608214849921 0.022768124625524265
0 0.42417061611374407 0.3016776512881965 0.07582938388625593 0.023367285799880167
0 0.2962085308056872 0.26752546434991015 0.07266982622432859 0.02696225284601558
0 0.29660347551342814 0.3016776512881965 0.04186413902053712 0.020970641102456562
0 0.1970774091627172 0.26752546434991015 0.03238546603475513 0.02696225284601558
0 0.19549763033175355 0.2330736968244458 0.035545023696682464 0.028759736369083286
0 0.19786729857819904 0.20071899340922708 0.04660347551342812 0.02396644697423607
0 0.424565560821485 0.34122228879568606 0.052922590837282776 0.0341521869382864
0 0.29660347551342814 0.3403235470341522 0.04976303317535545 0.02396644697423607
0 0.19589257503949448 0.3409227082085081 0.0631911532385466 0.0347513481126423
0 0.2958135860979463 0.37956860395446373 0.08293838862559241 0.03055721989215099
0 0.42417061611374407 0.3792690233672858 0.05845181674565561 0.02396644697423607
0 0.42298578199052134 0.4191132414619533 0.05924170616113744 0.03654883163571001
0 0.42298578199052134 0.45775913720790895 0.045023696682464455 0.0347513481126423
0 0.29778830963665087 0.4182144997004194 0.052132701421800945 0.022768124625524265
0 0.19628751974723538 0.4194128220491312 0.045023696682464455 0.035949670461354104
0 0.19589257503949448 0.38016776512881967 0.044233807266982623 0.0341521869382864
0 0.29778830963665087 0.45775913720790895 0.044233807266982623 0.022768124625524265
0 0.19628751974723538 0.457159976033553 0.038704581358609796 0.025164769322947873
0 0.19747235387045814 0.48741761533852607 0.037914691943127965 0.019772318753744758
0 0.2962085308056872 0.488016776512882 0.05055292259083728 0.018573996405032954
0 0.42417061611374407 0.487717195925704 0.06477093206951026 0.02037147992810066
0 0.42417061611374407 0.518274415817855 0.02843601895734597 0.03235470341521869
0 0.2962085308056872 0.5176752546434991 0.061611374407582936 0.0347513481126423
0 0.29660347551342814 0.5554224086279209 0.052922590837282776 0.014379868184541643
0 0.42496050552922593 0.5563211503894547 0.052132701421800945 0.03654883163571001
0 0.7081358609794629 0.13421210305572198 0.06398104265402843 0.02396644697423607
0 0.8353080568720379 0.1348112642300779 0.05766192733017377 0.03115638106650689
0 0.8357030015797788 0.16536848412222888 0.07424960505529225 0.025164769322947873
0 0.8357030015797788 0.20221689634511683 0.08372827804107424 0.03894547633313361
0 0.8353080568720379 0.24355901737567406 0.08293838862559241 0.03055721989215099
0 0.8376777251184834 0.2813061713600959 0.04186413902053712 0.023367285799880167
0 0.707740916271722 0.16536848412222888 0.052132701421800945 0.021569802276812464
0 0.707740916271722 0.20341521869382864 0.04107424960505529 0.02456560814859197
0 0.608214849921011 0.16566806470940684 0.05055292259083728 0.02456560814859197
0 0.608214849921011 0.20281605751947274 0.06477093206951026 0.03774715398442181
0 0.7089257503949447 0.24266027561414022 0.052922590837282776 0.026363091671659677
0 0.6070300157977883 0.24355901737567406 0.06398104265402843 0.03654883163571001
0 0.707740916271722 0.2813061713600959 0.045813586097946286 0.0329538645895746
0 0.6070300157977883 0.280407429598562 0.04344391785150079 0.03235470341521869
0 0.707740916271722 0.31426003594967045 0.045813586097946286 0.019772318753744758
0 0.8353080568720379 0.3148591971240264 0.07661927330173776 0.02696225284601558
0 0.7069510268562401 0.35350509286998205 0.05055292259083728 0.026363091671659677
0 0.834913112164297 0.35050928699820255 0.05055292259083728 0.03834631515877771
0 0.8368878357030015 0.38705811863391254 0.04028436018957346 0.021569802276812464
0 0.8364928909952607 0.42180946674655484 0.07898894154818326 0.03714799281006591
0 0.8360979462875198 0.45266626722588377 0.08925750394944708 0.019772318753744758
0 0.8368878357030015 0.4781306171360096 0.04028436018957346 0.021569802276812464
0 0.7081358609794629 0.4775314559616537 0.04976303317535545 0.02396644697423607
0 0.7085308056872038 0.45236668663870583 0.08688783570300158 0.015578190533253445
0 0.7057661927330173 0.41971240263630916 0.05608214849921011 0.014979029358897543
0 0.7085308056872038 0.38615937687237867 0.06477093206951026 0.02696225284601558
0 0.6070300157977883 0.42091072498502097 0.04186413902053712 0.02456560814859197
0 0.608214849921011 0.38615937687237867 0.044233807266982623 0.019772318753744758
0 0.7085308056872038 0.5167765128819652 0.036334913112164295 0.020970641102456562
0 0.8368878357030015 0.5176752546434991 0.07977883096366509 0.04793289394847214
0 0.8364928909952607 0.5662073097663272 0.07740916271721959 0.04313960455362493
0 0.7085308056872038 0.5638106650689035 0.05845181674565561 0.02756141402037148
