0 0.1820695102685624 0.13930497303774717 0.1334913112164297 0.0677052127022169
0 0.36808846761453395 0.13750748951467945 0.15955766192733017 0.06291192330736968
0 0.7401263823064771 0.13630916716596764 0.16113744075829384 0.06291192330736968
0 0.7954186413902053 0.2207908927501498 0.15165876777251186 0.07849011384062313
0 0.636650868878357 0.22947872977831038 0.15165876777251186 0.06351108448172559
0 0.717219589257504 0.31665668064709407 0.1579778830963665 0.07968843618933494
0 0.37993680884676145 0.3127621330137807 0.13744075829383887 0.07908927501497903
0 0.28791469194312796 0.22288795686039545 0.1524486571879937 0.07908927501497903
0 0.19984202211690363 0.3127621330137807 0.1627172195892575 0.07908927501497903
0 0.344391785150079 0.48621929298981426 0.12006319115323855 0.06291192330736968
0 0.1773301737756714 0.4856201318154584 0.13033175355450236 0.06411024565608149
0 0.174565560821485 0.5832834032354703 0.11690363349131122 0.08208508088675855
0 0.3451816745655608 0.5811863391252247 0.15481832543443919 0.08028759736369083
0 0.3763823064770932 0.6857399640503296 0.1382306477093207 0.08208508088675855
0 0.18285939968404424 0.6845416417016178 0.13191153238546605 0.07968843618933494
