0 0.26145339652448657 0.1336129418813661 0.09794628751974724 0.05751947273816657
0 0.4194312796208531 0.1318154583582984 0.1484992101105845 0.05632115038945477
0 0.6066350710900474 0.1348112642300779 0.15007898894154817 0.06231276213301378
0 0.2638230647709321 0.237866986219293 0.08530805687203791 0.052726183343319355
0 0.4146919431279621 0.2372678250449371 0.12164296998420221 0.0683043738765728
0 0.5699052132701422 0.2444577591372079 0.0971563981042654 0.041941282204913125
0 0.7235387045813586 0.2444577591372079 0.11690363349131122 0.05392450569203116
0 0.39731437598736175 0.3397243858597963 0.17377567140600317 0.05032953864589575
0 0.617693522906793 0.34002396644697425 0.15955766192733017 0.04973037747153985
0 0.3590047393364929 0.5254643499101258 0.14928909952606634 0.04913121629718394
0 0.35031595576619273 0.6237267825044938 0.1382306477093207 0.04913121629718394
