0 0.6200631911532385 0.1360095865787897 0.1895734597156398 0.08747753145596165
0 0.8195102685624013 0.1207309766327142 0.18246445497630331 0.07489514679448772
0 0.8009478672985781 0.19352905931695627 0.21958925750394945 0.05751947273816657
0 0.8637440758293838 0.2513481126423008 0.10031595576619273 0.05811863391252247
0 0.6552132701421801 0.2585380467345716 0.25355450236966826 0.056920311563810666
0 0.5876777251184834 0.33073696824445775 0.12322274881516587 0.05632115038945477
0 0.735781990521327 0.3304373876572798 0.035545023696682464 0.02696225284601558
0 0.735781990521327 0.347513481126423 0.03712480252764613 0.02037147992810066
0 0.8412322274881516 0.3241461953265429 0.1484992101105845 0.06710605152786099
0 0.8633491311216429 0.3529059316956261 0.026856240126382307 0.011983223487118035
