0 0.12559241706161137 0.12312762133013781 0.061611374407582936 0.029358897543439184
0 0.39454976303317535 0.12402636309167166 0.07345971563981042 0.03834631515877771
0 0.44154818325434436 0.17855002995805871 0.07740916271721959 0.04913121629718394
0 0.22985781990521326 0.17914919113241462 0.07109004739336493 0.039544637507489516
0 0.11966824644549763 0.17914919113241462 0.07661927330173776 0.035949670461354104
0 0.5462085308056872 0.13451168364289995 0.06240126382306477 0.028160575194727384
0 0.5513428120063191 0.17165967645296584 0.0679304897314376 0.03175554224086279
0 0.5497630331753555 0.22408627920910726 0.0679304897314376 0.03115638106650689
0 0.6504739336492891 0.22588376273217495 0.07503949447077408 0.033553025763930495
0 0.8459715639810427 0.22708208508088676 0.08056872037914692 0.04553624925104853
0 0.7835703001579779 0.17525464349910128 0.07582938388625593 0.0341521869382864
0 0.7843601895734597 0.13690832834032354 0.06477093206951026 0.035350509286998205
0 0.5497630331753555 0.3520071899340923 0.0631911532385466 0.040143798681845415
0 0.65086887835703 0.36069502696225286 0.07582938388625593 0.0347513481126423
0 0.8487361769352291 0.3562013181545836 0.07345971563981042 0.06051527860994608
0 0.8807266982622433 0.44427801078490115 0.08056872037914692 0.06530856800479329
0 0.7606635071090048 0.42001198322348715 0.042654028436018954 0.04313960455362493
0 0.6962875197472354 0.4170161773517076 0.038704581358609796 0.04074295985620132
0 0.6204581358609794 0.4457759137207909 0.07819905213270142 0.04553624925104853
