0 0.15126382306477093 0.13630916716596764 0.1066350710900474 0.06530856800479329
0 0.30213270142180093 0.13750748951467945 0.09399684044233807 0.05811863391252247
0 0.3048973143759874 0.21060515278609945 0.08056872037914692 0.040143798681845415
0 0.15600315955766192 0.21000599161174358 0.06872037914691943 0.040143798681845415
0 0.14375987361769352 0.3208508088675854 0.06477093206951026 0.025763930497303775
0 0.2740916271721959 0.34811264230077893 0.07266982622432859 0.033553025763930495
0 0.4079778830963665 0.347813061713601 0.11769352290679305 0.04373876572798083
0 0.14375987361769352 0.38376273217495505 0.09162717219589257 0.04373876572798083
0 0.815955766192733 0.12612342720191733 0.15323854660347552 0.09406830437387657
0 0.2713270142180095 0.4520671060515279 0.0703001579778831 0.03894547633313361
0 0.13744075829383887 0.45266626722588377 0.08056872037914692 0.040143798681845415
