0 0.24407582938388625 0.152486518873577 0.13428120063191154 0.09526662672258839
0 0.4052132701421801 0.14469742360695026 0.13270142180094788 0.05811863391252247
0 0.5556872037914692 0.14649490713001798 0.13191153238546605 0.05811863391252247
0 0.36492890995260663 0.274415817855003 0.12954186413902052 0.05392450569203116
0 0.5363349131121643 0.27771120431396046 0.1311216429699842 0.05572198921509886
0 0.6789099526066351 0.22977831036548832 0.05608214849921011 0.03175554224086279
0 0.783175355450237 0.243858597962852 0.07187993680884676 0.04793289394847214
0 0.24921011058451817 0.48022768124625526 0.10031595576619273 0.05572198921509886
0 0.3763823064770932 0.48112642300778913 0.10505529225908372 0.052726183343319355
0 0.49565560821484994 0.48112642300778913 0.10031595576619273 0.05152786099460755
0 0.707740916271722 0.5038945476333134 0.16429699842022116 0.09706411024565609
0 0.5284360189573459 0.57309766327142 0.1627172195892575 0.06051527860994608
0 0.3811216429699842 0.5763930497303775 0.12085308056872038 0.05751947273816657
0 0.24684044233807267 0.5766926303175555 0.10031595576619273 0.059316956261234274
0 0.32582938388625593 0.7085080886758538 0.15402843601895735 0.059316956261234274
0 0.5505529225908373 0.6998202516476932 0.1943127962085308 0.07309766327142002
0 0.7199842022116903 0.6665668064709407 0.04186413902053712 0.029358897543439184
