0 0.16548183254344392 0.10724985020970641 0.160347551342812 0.04553624925104853
0 0.3712480252764613 0.11773517076093469 0.17377567140600317 0.07249850209706411
0 0.43483412322274884 0.17585380467345715 0.03238546603475513 0.019772318753744758
0 0.43483412322274884 0.17585380467345715 0.03238546603475513 0.019772318753744758
0 0.46800947867298576 0.17525464349910128 0.030805687203791468 0.018573996405032954
0 0.3767772511848341 0.2243858597962852 0.19747235387045814 0.05811863391252247
0 0.1670616113744076 0.22228879568603954 0.16824644549763032 0.05991611743559017
0 0.28080568720379145 0.30766926303175557 0.17772511848341233 0.05572198921509886
0 0.4087677725118483 0.44607549430796883 0.15402843601895735 0.05092869982025165
0 0.27804107424960506 0.44607549430796883 0.08846761453396525 0.05092869982025165
0 0.17812006319115323 0.4445775913720791 0.04344391785150079 0.04913121629718394
0 0.09281200631911532 0.4403834631515878 0.035545023696682464 0.04074295985620132
