0 0.2567140600315956 0.13421210305572198 0.08530805687203791 0.046734571599760334
0 0.41903633491311215 0.13421210305572198 0.12717219589257503 0.05751947273816657
0 0.6030805687203792 0.13421210305572198 0.12085308056872038 0.05871779508687837
0 0.693522906793049 0.22318753744757341 0.18009478672985782 0.08088675853804674
0 0.4616903633491311 0.2279808268424206 0.17140600315955765 0.08687837028160575
0 0.26895734597156395 0.22588376273217495 0.12085308056872038 0.05751947273816657
0 0.4052132701421801 0.4787297783103655 0.20221169036334913 0.09346914319952067
0 0.6682464454976303 0.4766327142001198 0.1990521327014218 0.09286998202516478
0 0.40442338072669826 0.5883762732174955 0.21800947867298578 0.10665068903535051
0 0.39652448657187994 0.7528460155781905 0.19589257503949448 0.08687837028160575
0 0.6666666666666666 0.7564409826243259 0.1895734597156398 0.09406830437387657
