0 0.23420221169036334 0.12702216896345117 0.10821484992101106 0.04433792690233673
0 0.523696682464455 0.1273217495506291 0.14533965244865718 0.04373876572798083
0 0.7468404423380727 0.12462552426602756 0.14454976303317535 0.041941282204913125
0 0.2962085308056872 0.2813061713600959 0.08372827804107424 0.03654883163571001
0 0.296998420221169 0.3274415817855003 0.08372827804107424 0.0341521869382864
0 0.5339652448657188 0.2780107849011384 0.06003159557661927 0.03714799281006591
0 0.5379146919431279 0.3301378070701019 0.07109004739336493 0.04074295985620132
0 0.5355450236966824 0.3756740563211504 0.08372827804107424 0.035949670461354104
0 0.5339652448657188 0.4173157579388856 0.06477093206951026 0.03055721989215099
0 0.5308056872037915 0.4673457159976034 0.09320695102685624 0.05032953864589575
0 0.532780410742496 0.5104853205512283 0.07977883096366509 0.029958058717795086
0 0.532780410742496 0.5452366686638705 0.08925750394944708 0.03235470341521869
0 0.43838862559241704 0.5931695626123428 0.06477093206951026 0.046734571599760334
0 0.533175355450237 0.6345116836429 0.08214849921011058 0.03115638106650689
0 0.5308056872037915 0.6719592570401438 0.08530805687203791 0.029358897543439184
0 0.2950236966824645 0.3744757339724386 0.08609794628751975 0.035949670461354104
0 0.29660347551342814 0.4203115638106651 0.08451816745655608 0.0329538645895746
0 0.29660347551342814 0.4652486518873577 0.07977883096366509 0.0329538645895746
0 0.2958135860979463 0.5107849011384062 0.08135860979462875 0.03175554224086279
0 0.2962085308056872 0.5464349910125824 0.08056872037914692 0.033553025763930495
0 0.29739336492890994 0.5895745955662073 0.08135860979462875 0.03235470341521869
0 0.2950236966824645 0.6336129418813661 0.08135860979462875 0.03175554224086279
0 0.29462875197472355 0.6716596764529659 0.08214849921011058 0.03235470341521869
0 0.296998420221169 0.7091072498502097 0.07424960505529225 0.040143798681845415
0 0.296998420221169 0.7495506291192331 0.07582938388625593 0.028759736369083286
0 0.30055292259083727 0.7905931695626124 0.08451816745655608 0.046135410425404436
0 0.532780410742496 0.7118034751348112 0.07977883096366509 0.03115638106650689
0 0.5319905213270142 0.7486518873576993 0.07819905213270142 0.03055721989215099
0 0.5347551342812006 0.7896944278010785 0.08372827804107424 0.028759736369083286
