0 0.18759873617693523 0.1426003594967046 0.0924170616113744 0.05751947273816657
0 0.3214849921011058 0.11294188136608747 0.12796208530805686 0.028160575194727384
0 0.31635071090047395 0.18034751348112643 0.13981042654028436 0.03235470341521869
0 0.5205371248025277 0.11264230077890953 0.18009478672985782 0.052726183343319355
0 0.533175355450237 0.17825044937088078 0.19115323854660346 0.05572198921509886
0 0.759083728278041 0.10994607549430797 0.13428120063191154 0.05092869982025165
0 0.7673775671406003 0.17765128819652487 0.15402843601895735 0.059316956261234274
0 0.4462875197472354 0.2579388855602157 0.13902053712480253 0.03055721989215099
0 0.792259083728278 0.27860994607549433 0.1311216429699842 0.09107249850209706
0 0.5963665086887836 0.2732174955062912 0.17535545023696683 0.09466746554823248
0 0.19549763033175355 0.27890952666267227 0.10031595576619273 0.053325344517675254
0 0.2697472353870458 0.2914919113241462 0.03712480252764613 0.01737567405632115
0 0.3230647709320695 0.28070701018573996 0.0995260663507109 0.0677052127022169
