0 0.353870458135861 0.1207309766327142 0.09162717219589257 0.03894547633313361
0 0.45734597156398105 0.12522468544038345 0.09794628751974724 0.07669263031755542
0 0.556477093206951 0.12432594367884961 0.0971563981042654 0.07489514679448772
0 0.6607424960505529 0.11114439784301977 0.09873617693522907 0.05212702216896345
0 0.29936808846761453 0.2171959257040144 0.05529225908372828 0.016177351707609346
0 0.29660347551342814 0.23487118034751348 0.030805687203791468 0.016776512881965248
0 0.29739336492890994 0.25344517675254646 0.054502369668246446 0.02037147992810066
0 0.29936808846761453 0.3085680047932894 0.09320695102685624 0.019173157579388856
0 0.2981832543443918 0.38016776512881967 0.0703001579778831 0.01737567405632115
0 0.2989731437598736 0.3975434391851408 0.08925750394944708 0.019772318753744758
0 0.2985781990521327 0.4161174355901738 0.09004739336492891 0.018573996405032954
0 0.2985781990521327 0.4343918514080288 0.09004739336492891 0.017974835230677052
0 0.2985781990521327 0.45266626722588377 0.09162717219589257 0.018573996405032954
0 0.2981832543443918 0.49071300179748356 0.10031595576619273 0.022768124625524265
0 0.2981832543443918 0.5101857399640504 0.09873617693522907 0.018573996405032954
0 0.29936808846761453 0.5281605751947274 0.08372827804107424 0.01737567405632115
0 0.30015797788309634 0.5467345715997604 0.12006319115323855 0.019772318753744758
0 0.2981832543443918 0.5647094068304374 0.07661927330173776 0.018573996405032954
0 0.29976303317535546 0.5826842420611145 0.09399684044233807 0.019772318753744758
0 0.2985781990521327 0.6009586578789694 0.0679304897314376 0.019173157579388856
0 0.29936808846761453 0.6198322348711803 0.0947867298578199 0.01737567405632115
0 0.30055292259083727 0.6378070701018574 0.10031595576619273 0.018573996405032954
0 0.2981832543443918 0.6938286399041342 0.09083728278041074 0.021569802276812464
0 0.29739336492890994 0.7477531455961653 0.08609794628751975 0.02037147992810066
0 0.2981832543443918 0.7654284002396645 0.0924170616113744 0.018573996405032954
0 0.29976303317535546 0.7852007189934093 0.10821484992101106 0.020970641102456562
