0 0.19115323854660346 0.38526063511084485 0.1579778830963665 0.08388256440982625
0 0.3732227488151659 0.38526063511084485 0.15876777251184834 0.08388256440982625
0 0.28080568720379145 0.5518274415817855 0.16350710900473933 0.07189934092270821
0 0.48380726698262244 0.5617136009586579 0.15402843601895735 0.09886159376872379
0 0.7128751974723538 0.5563211503894547 0.160347551342812 0.08807669263031756
0 0.693522906793049 0.7052127022168964 0.15955766192733017 0.08148591971240264
0 0.48459715639810425 0.7019173157579389 0.160347551342812 0.08448172558418214
0 0.2812006319115324 0.7031156381066507 0.16429699842022116 0.08568004793289395
0 0.2725118483412322 0.8463151587777112 0.1627172195892575 0.0713001797483523
0 0.38981042654028436 0.835530257639305 0.09083728278041074 0.040143798681845415
0 0.5371248025276462 0.8454164170161774 0.15481832543443919 0.1006590772917915
0 0.7251184834123222 0.8433193529059317 0.16113744075829384 0.08687837028160575
