0 0.3056872037914692 0.1336129418813661 0.09636650868878358 0.09826243259436789
0 0.45734597156398105 0.11443978430197724 0.13744075829383887 0.09706411024565609
0 0.6777251184834123 0.1201318154583583 0.12480252764612954 0.11443978430197724
0 0.6623222748815166 0.2771120431396046 0.16350710900473933 0.1348112642300779
0 0.4660347551342812 0.2714200119832235 0.1674565560821485 0.1330137807070102
0 0.30173775671406 0.27351707609346915 0.14533965244865718 0.13121629718394248
0 0.2259083728278041 0.4775314559616537 0.1674565560821485 0.12342720191731577
0 0.41903633491311215 0.4763331336129419 0.1872037914691943 0.11503894547633314
0 0.6026856240126383 0.4775314559616537 0.14691943127962084 0.11503894547633314
0 0.7697472353870458 0.47723187537447576 0.16666666666666666 0.11563810665068903
