0 0.23499210110584517 0.12522468544038345 0.13191153238546605 0.04313960455362493
0 0.2255134281200632 0.17525464349910128 0.12085308056872038 0.048532055122828044
0 0.4921011058451817 0.15098861593768725 0.16113744075829384 0.09227082085080887
0 0.7507898894154819 0.14919113241461954 0.16350710900473933 0.08867585380467347
0 0.7049763033175356 0.2402636309167166 0.1382306477093207 0.05512282804074296
0 0.4609004739336493 0.243858597962852 0.14454976303317535 0.06470940683043738
0 0.7199842022116903 0.39304973037747154 0.13033175355450236 0.039544637507489516
0 0.4909162717219589 0.3933493109646495 0.13033175355450236 0.03654883163571001
0 0.2713270142180095 0.39304973037747154 0.12085308056872038 0.0347513481126423
0 0.6062401263823065 0.5335530257639305 0.18404423380726698 0.04973037747153985
0 0.8203001579778831 0.5353505092869982 0.19984202211690363 0.05212702216896345
0 0.8191153238546603 0.6054523666866387 0.19589257503949448 0.0665068903535051
0 0.6125592417061612 0.609946075494308 0.1966824644549763 0.0659077291791492
