0 0.2989731437598736 0.1506890353505093 0.18088467614533965 0.13121629718394248
0 0.5 0.15098861593768725 0.17851500789889416 0.12941881366087477
0 0.7006319115323855 0.14919113241461954 0.18009478672985782 0.1330137807070102
0 0.7306477093206951 0.341521869382864 0.15955766192733017 0.11743559017375674
0 0.5252764612954186 0.3457159976033553 0.15323854660347552 0.05751947273816657
0 0.34873617693522907 0.34511683642899943 0.09557661927330173 0.07189934092270821
0 0.21998420221169035 0.34301977231875375 0.060821484992101105 0.0677052127022169
0 0.3080568720379147 0.5236668663870582 0.15007898894154817 0.08268424206111444
0 0.5015797788309636 0.5248651887357699 0.15007898894154817 0.08028759736369083
0 0.6951026856240127 0.5233672857998802 0.15165876777251186 0.08208508088675855
