0 0.1725908372827804 0.13451168364289995 0.10031595576619273 0.04733373277411624
0 0.3988941548183254 0.13451168364289995 0.1311216429699842 0.04733373277411624
0 0.7286729857819905 0.13630916716596764 0.1240126382306477 0.04493708807669263
0 0.7045813586097947 0.18184541641701618 0.17535545023696683 0.046135410425404436
0 0.7843601895734597 0.23277411623726782 0.08056872037914692 0.035350509286998205
0 0.7981832543443917 0.28070701018573996 0.08925750394944708 0.035350509286998205
0 0.70260663507109 0.2822049131216297 0.09399684044233807 0.03115638106650689
0 0.70260663507109 0.22738166566806473 0.06398104265402843 0.0329538645895746
0 0.6251974723538705 0.2810065907729179 0.052922590837282776 0.035949670461354104
0 0.6350710900473934 0.23067705212702216 0.052132701421800945 0.0347513481126423
0 0.471563981042654 0.18124625524266028 0.13428120063191154 0.046135410425404436
0 0.46208530805687204 0.24985020970641103 0.15639810426540285 0.04793289394847214
0 0.21090047393364927 0.24985020970641103 0.15481832543443919 0.046734571599760334
0 0.2768562401263823 0.18004793289394846 0.0339652448657188 0.02696225284601558
0 0.18799368088467613 0.17884961054523668 0.12006319115323855 0.03774715398442181
0 0.7069510268562401 0.347813061713601 0.15639810426540285 0.04733373277411624
0 0.7144549763033176 0.4191132414619533 0.21248025276461296 0.048532055122828044
0 0.4060031595576619 0.37357699221090473 0.15639810426540285 0.04973037747153985
0 0.4075829383886256 0.44847213900539246 0.1579778830963665 0.046135410425404436
0 0.17298578199052134 0.3738765727980827 0.13270142180094788 0.04913121629718394
0 0.1623222748815166 0.4475733972438586 0.15718799368088468 0.04793289394847214
0 0.21445497630331753 0.49131216297183944 0.06398104265402843 0.029958058717795086
0 0.28949447077409163 0.49550629119233075 0.07503949447077408 0.033553025763930495
0 0.15363349131121642 0.4964050329538646 0.04976303317535545 0.035350509286998205
