0 0.5541074249605055 0.10365488316357101 0.04660347551342812 0.0347513481126423
0 0.6635071090047393 0.10515278609946076 0.04897314375987362 0.0341521869382864
0 0.7128751974723538 0.09676452965847814 0.04818325434439179 0.01378070701018574
0 0.7788309636650869 0.10784901138406232 0.08056872037914692 0.04313960455362493
0 0.8732227488151658 0.11294188136608747 0.05608214849921011 0.05452366686638706
0 0.8546603475513428 0.16446974236069503 0.05687203791469194 0.05572198921509886
0 0.7322274881516587 0.16267225883762731 0.05687203791469194 0.05572198921509886
0 0.6161137440758294 0.16027561414020372 0.07424960505529225 0.05572198921509886
0 0.556872037914692 0.15038945476333135 0.030015797788309637 0.014379868184541643
0 0.5635860979462876 0.25284601557819053 0.0655608214849921 0.017974835230677052
0 0.6611374407582938 0.25404433792690234 0.06635071090047394 0.019173157579388856
0 0.7677725118483412 0.2525464349910126 0.05529225908372828 0.01737567405632115
0 0.8175355450236966 0.24685440383463153 0.03949447077409163 0.026363091671659677
0 0.8712480252764613 0.25104853205512284 0.06003159557661927 0.03834631515877771
0 0.565955766192733 0.37717195925704017 0.07187993680884676 0.0665068903535051
0 0.6575829383886256 0.3750748951467945 0.06872037914691943 0.04313960455362493
0 0.8384676145339652 0.37986818454164173 0.1240126382306477 0.07309766327142002
0 0.13230647709320695 0.4856201318154584 0.0971563981042654 0.0341521869382864
0 0.28278041074249605 0.4796285200718994 0.06635071090047394 0.025763930497303775
0 0.405608214849921 0.4805272618334332 0.07661927330173776 0.025164769322947873
0 0.45300157977883093 0.5383463151587777 0.06398104265402843 0.025763930497303775
0 0.44036334913112163 0.5982624325943678 0.0703001579778831 0.019772318753744758
0 0.33372827804107424 0.6180347513481127 0.05608214849921011 0.020970641102456562
0 0.19984202211690363 0.5847813061713601 0.07424960505529225 0.025164769322947873
0 0.20734597156398105 0.5275614140203715 0.07661927330173776 0.025763930497303775
0 0.3305687203791469 0.543139604553625 0.09399684044233807 0.04733373277411624
