0 0.3175355450236967 0.13990413421210307 0.14375987361769352 0.0713001797483523
0 0.48973143759873616 0.1384062312762133 0.14218009478672985 0.07070101857399641
0 0.6848341232227488 0.1330137807070102 0.15955766192733017 0.05871779508687837
0 0.683649289099526 0.24415817855002997 0.15876777251184834 0.059316956261234274
0 0.5039494470774092 0.24295985620131816 0.1674565560821485 0.06171360095865788
0 0.3183254344391785 0.2432594367884961 0.1721958925750395 0.05991611743559017
0 0.4834123222748815 0.3648891551827442 0.0947867298578199 0.04793289394847214
0 0.7018167456556083 0.3951467944877172 0.1966824644549763 0.05092869982025165
0 0.49170616113744076 0.4254044337926902 0.11137440758293839 0.04913121629718394
0 0.3187203791469194 0.4227082085080887 0.08925750394944708 0.046135410425404436
0 0.3226698262243286 0.36369083283403236 0.08767772511848342 0.04913121629718394
0 0.7022116903633491 0.5050928699820252 0.1943127962085308 0.046734571599760334
0 0.4774881516587678 0.5080886758538047 0.1872037914691943 0.06470940683043738
0 0.2812006319115324 0.5074895146794488 0.16429699842022116 0.05991611743559017
0 0.4806477093206951 0.6198322348711803 0.19036334913112163 0.05452366686638706
0 0.2958135860979463 0.6186339125224686 0.19352290679304898 0.06051527860994608
