0 0.2132701421800948 0.14559616536848413 0.10110584518167456 0.04313960455362493
0 0.3451816745655608 0.14469742360695026 0.09162717219589257 0.04254044337926902
0 0.48262243285939965 0.14379868184541642 0.11374407582938388 0.046734571599760334
0 0.6378357030015798 0.14200119832234873 0.11295418641390205 0.04793289394847214
0 0.783175355450237 0.14439784301977232 0.12243285939968404 0.04553624925104853
0 0.783175355450237 0.24865188735769922 0.1240126382306477 0.04793289394847214
0 0.6263823064770931 0.24505692031156381 0.15007898894154817 0.05991611743559017
0 0.4782780410742496 0.24835230677052128 0.10821484992101106 0.06411024565608149
0 0.29660347551342814 0.24925104853205513 0.18246445497630331 0.0659077291791492
0 0.556872037914692 0.36428999400838824 0.18167456556082148 0.06351108448172559
0 0.2989731437598736 0.6201318154583583 0.10821484992101106 0.06231276213301378
0 0.39849921011058453 0.6024565608148592 0.054502369668246446 0.03774715398442181
0 0.49447077409162715 0.621929298981426 0.10584518167456555 0.06351108448172559
0 0.5951816745655608 0.6027561414020371 0.05766192733017377 0.03834631515877771
0 0.6966824644549763 0.6204313960455362 0.10900473933649289 0.06411024565608149
