0 0.18285939968404424 0.16297183942480528 0.14928909952606634 0.15338526063511085
0 0.3795418641390205 0.1635710005991612 0.15086887835703 0.1677651288196525
0 0.6022906793048973 0.1695626123427202 0.12243285939968404 0.12702216896345117
0 0.7946287519747235 0.17285799880167765 0.12322274881516587 0.12642300778909527
0 0.7950236966824644 0.2884961054523667 0.12243285939968404 0.11803475134811264
0 0.6022906793048973 0.2884961054523667 0.12085308056872038 0.11923307369682445
0 0.39652448657187994 0.33373277411623725 0.17535545023696683 0.1677651288196525
0 0.1844391785150079 0.3244457759137208 0.17298578199052134 0.15158777711204313
0 0.6042654028436019 0.39934092270820853 0.12480252764612954 0.11923307369682445
0 0.7942338072669826 0.40443379269023366 0.1240126382306477 0.11264230077890953
0 0.19589257503949448 0.5371479928100659 0.1311216429699842 0.1012582384661474
0 0.2989731437598736 0.5077890952666267 0.030805687203791468 0.03055721989215099
0 0.3767772511848341 0.5026962252846016 0.0631911532385466 0.039544637507489516
0 0.3909952606635071 0.5515278609946076 0.08688783570300158 0.05092869982025165
0 0.30173775671406 0.5587177950868784 0.04107424960505529 0.03894547633313361
0 0.5932069510268563 0.616237267825045 0.15323854660347552 0.14080287597363692
0 0.8408372827804107 0.6243259436788496 0.1524486571879937 0.12582384661473936
0 0.8554502369668247 0.7450569203115638 0.05845181674565561 0.06530856800479329
0 0.7788309636650869 0.743858597962852 0.05687203791469194 0.0677052127022169
0 0.7847551342812006 0.8292390653085681 0.04344391785150079 0.04913121629718394
0 0.6966824644549763 0.7369682444577591 0.04739336492890995 0.08268424206111444
0 0.6018957345971564 0.7420611144397843 0.07424960505529225 0.07369682444577591
0 0.6883886255924171 0.8205512282804075 0.05134281200631911 0.06530856800479329
