0 0.28515007898894157 0.10934691431995207 0.08214849921011058 0.05572198921509886
0 0.42180094786729855 0.07369682444577591 0.08530805687203791 0.03115638106650689
0 0.43562401263823064 0.10934691431995207 0.11295418641390205 0.04134212103055722
0 0.41192733017377564 0.15458358298382266 0.07345971563981042 0.041941282204913125
0 0.5809636650868878 0.1012582384661474 0.08451816745655608 0.07070101857399641
0 0.712085308056872 0.09346914319952067 0.08293838862559241 0.039544637507489516
0 0.6998420221169036 0.1330137807070102 0.06003159557661927 0.04074295985620132
0 0.20576619273301738 0.2366686638705812 0.14454976303317535 0.052726183343319355
0 0.3625592417061611 0.2366686638705812 0.1358609794628752 0.052726183343319355
0 0.7646129541864138 0.3238466147393649 0.10742496050552923 0.08807669263031756
0 0.872827804107425 0.33193529059316956 0.06951026856240126 0.04913121629718394
0 0.8902053712480252 0.28160575194727383 0.0631911532385466 0.046734571599760334
0 0.7622432859399684 0.2279808268424206 0.05529225908372828 0.03774715398442181
0 0.7286729857819905 0.2609346914319952 0.06872037914691943 0.05212702216896345
0 0.19233807266982622 0.3633912522468544 0.16350710900473933 0.06890353505092871
0 0.3783570300157978 0.3579988016776513 0.16587677725118483 0.08208508088675855
0 0.6761453396524486 0.5176752546434991 0.12796208530805686 0.1042540443379269
