0 0.2646129541864139 0.14409826243259438 0.23380726698262244 0.07968843618933494
0 0.4968404423380727 0.14349910125823848 0.2259083728278041 0.08088675853804674
0 0.7286729857819905 0.14230077890952667 0.2282780410742496 0.08208508088675855
0 0.5165876777251185 0.3753744757339724 0.08530805687203791 0.04373876572798083
0 0.5173775671406003 0.4298981426003595 0.08372827804107424 0.04493708807669263
0 0.3862559241706161 0.4281006590772918 0.08846761453396525 0.04134212103055722
0 0.5193522906793049 0.4868184541641702 0.11769352290679305 0.05092869982025165
0 0.5197472353870458 0.554823247453565 0.12006319115323855 0.04913121629718394
0 0.38783570300157977 0.5557219892150989 0.12164296998420221 0.04973037747153985
0 0.518562401263823 0.6246255242660276 0.11611374407582938 0.048532055122828044
0 0.518562401263823 0.6833433193529059 0.11769352290679305 0.048532055122828044
0 0.38704581358609796 0.683043738765728 0.11532385466034754 0.04793289394847214
0 0.5177725118483413 0.7414619532654284 0.11295418641390205 0.048532055122828044
0 0.5181674565560821 0.8007789095266626 0.11532385466034754 0.04973037747153985
0 0.38744075829383884 0.798981426003595 0.11295418641390205 0.04733373277411624
0 0.5201421800947867 0.854104254044338 0.09399684044233807 0.03774715398442181
0 0.3854660347551343 0.9044337926902337 0.10268562401263823 0.04134212103055722
0 0.5197472353870458 0.9047333732774117 0.10426540284360189 0.039544637507489516
