0 0.25236966824644547 0.13630916716596764 0.054502369668246446 0.03654883163571001
0 0.41232227488151657 0.14589574595566207 0.16113744075829384 0.05572198921509886
0 0.35308056872037913 0.19292989814260036 0.08372827804107424 0.039544637507489516
0 0.5722748815165877 0.18873576992210905 0.08609794628751975 0.035949670461354104
0 0.7195892575039494 0.18993409227082086 0.08214849921011058 0.05032953864589575
0 0.7116903633491312 0.27890952666267227 0.09636650868878358 0.03654883163571001
0 0.6334913112164297 0.27651288196524865 0.06477093206951026 0.0341521869382864
0 0.5667456556082149 0.28759736369083283 0.09399684044233807 0.05392450569203116
0 0.4759083728278041 0.28699820251647695 0.0924170616113744 0.05512282804074296
0 0.4052132701421801 0.2792091072498502 0.05529225908372828 0.0347513481126423
0 0.3542654028436019 0.2774116237267825 0.05766192733017377 0.035949670461354104
0 0.27330173775671407 0.35739964050329537 0.09794628751974724 0.05212702216896345
0 0.4786729857819905 0.3585979628520072 0.18325434439178515 0.05452366686638706
0 0.4486571879936809 0.42690233672858 0.11374407582938388 0.05092869982025165
0 0.593996840442338 0.43828639904134215 0.1263823064770932 0.046135410425404436
0 0.707345971563981 0.4358897543439185 0.12559241706161137 0.046135410425404436
0 0.7365718799368088 0.5 0.05766192733017377 0.0329538645895746
0 0.665481832543444 0.5008987417615338 0.07345971563981042 0.03714799281006591
0 0.5078988941548184 0.4982025164769323 0.1627172195892575 0.059316956261234274
0 0.28870458135860977 0.49131216297183944 0.08135860979462875 0.03834631515877771
