0 0.2804107424960505 0.24865188735769922 0.10900473933649289 0.041941282204913125
0 0.4099526066350711 0.25104853205512284 0.11848341232227488 0.04793289394847214
0 0.5552922590837283 0.24625524266027563 0.11374407582938388 0.03834631515877771
0 0.7061611374407583 0.2495506291192331 0.11058451816745656 0.04134212103055722
0 0.7057661927330173 0.30946674655482326 0.11453396524486571 0.04134212103055722
0 0.5548973143759873 0.31006590772917914 0.12243285939968404 0.04134212103055722
0 0.4107424960505529 0.31246255242660276 0.11690363349131122 0.04733373277411624
0 0.278436018957346 0.31066506890353507 0.1066350710900474 0.04254044337926902
0 0.28080568720379145 0.3711803475134811 0.10979462875197472 0.03894547633313361
0 0.41113744075829384 0.37417615338526067 0.1240126382306477 0.04373876572798083
0 0.5541074249605055 0.37058118633912523 0.12717219589257503 0.03774715398442181
0 0.7057661927330173 0.372079089275015 0.12559241706161137 0.04074295985620132
0 0.2796208530805687 0.4313960455362493 0.10900473933649289 0.04074295985620132
0 0.41113744075829384 0.4343918514080288 0.12085308056872038 0.046734571599760334
0 0.5537124802527646 0.4316956261234272 0.11848341232227488 0.04134212103055722
0 0.7065560821484992 0.4313960455362493 0.11927330173775672 0.04074295985620132
0 0.7069510268562401 0.4946075494307969 0.11848341232227488 0.04134212103055722
0 0.5560821484992101 0.4946075494307969 0.1263823064770932 0.04134212103055722
0 0.410347551342812 0.4988016776512882 0.12085308056872038 0.05092869982025165
0 0.2815955766192733 0.494008388256441 0.10979462875197472 0.04254044337926902
0 0.28080568720379145 0.5569203115638107 0.11137440758293839 0.03894547633313361
0 0.4095576619273302 0.5605152786099461 0.11927330173775672 0.04373876572798083
0 0.5545023696682464 0.5572198921509887 0.1311216429699842 0.04074295985620132
0 0.7053712480252764 0.5575194727381666 0.12480252764612954 0.040143798681845415
0 0.7057661927330173 0.6183343319352906 0.1287519747235387 0.04313960455362493
0 0.5560821484992101 0.6168364289994008 0.1311216429699842 0.040143798681845415
0 0.40916271721958924 0.6192330736968245 0.12480252764612954 0.04493708807669263
0 0.2815955766192733 0.6168364289994008 0.11295418641390205 0.03894547633313361
0 0.2823854660347551 0.676752546434991 0.11611374407582938 0.040143798681845415
0 0.4095576619273302 0.6785500299580587 0.1240126382306477 0.04493708807669263
0 0.5545023696682464 0.6776512881965249 0.13744075829383887 0.041941282204913125
0 0.7057661927330173 0.6782504493708807 0.12717219589257503 0.04313960455362493
0 0.4972353870458136 0.1384062312762133 0.10505529225908372 0.0695026962252846
