0 0.3076619273301738 0.12792091072498502 0.15402843601895735 0.12043139604553625
0 0.4968404423380727 0.1165368484122229 0.15165876777251186 0.09286998202516478
0 0.7187993680884676 0.12282804074295986 0.16587677725118483 0.12702216896345117
0 0.6785150078988942 0.28370281605751946 0.15165876777251186 0.09646494907130018
0 0.4537914691943128 0.2860994607549431 0.15876777251184834 0.10605152786099462
0 0.27804107424960506 0.2810065907729179 0.1627172195892575 0.12822049131216298
0 0.26816745655608215 0.4373876572798083 0.16824644549763032 0.12941881366087477
0 0.42377567140600314 0.42780107849011384 0.14454976303317535 0.1030557219892151
0 0.5556872037914692 0.4313960455362493 0.10505529225908372 0.1018573996405033
0 0.717219589257504 0.43618933493109646 0.17061611374407581 0.12702216896345117
