0 0.283175355450237 0.11803475134811264 0.1524486571879937 0.07070101857399641
0 0.5762243285939969 0.12162971839424805 0.11453396524486571 0.052726183343319355
0 0.6753554502369669 0.121929298981426 0.07582938388625593 0.053325344517675254
0 0.7772511848341233 0.1183343319352906 0.11058451816745656 0.04733373277411624
0 0.8751974723538705 0.11773517076093469 0.08056872037914692 0.04493708807669263
0 0.5762243285939969 0.19532654284002396 0.11611374407582938 0.052726183343319355
0 0.6943127962085308 0.19652486518873577 0.11532385466034754 0.05152786099460755
0 0.8183254344391785 0.19352905931695627 0.12164296998420221 0.04913121629718394
0 0.5691153238546603 0.26932294787297784 0.1018957345971564 0.053325344517675254
0 0.6702211690363349 0.2696225284601558 0.11137440758293839 0.052726183343319355
0 0.759478672985782 0.2696225284601558 0.11295418641390205 0.052726183343319355
0 0.858214849921011 0.26932294787297784 0.11611374407582938 0.05212702216896345
0 0.5932069510268563 0.32983822648292394 0.13902053712480253 0.053325344517675254
0 0.7097156398104265 0.32953864589574594 0.14770932069510267 0.05392450569203116
0 0.8151658767772512 0.32983822648292394 0.11374407582938388 0.053325344517675254
0 0.5770142180094787 0.40533253445176753 0.11611374407582938 0.053325344517675254
0 0.6943127962085308 0.39844218094667466 0.11532385466034754 0.0659077291791492
0 0.8147709320695102 0.40023966446974235 0.11453396524486571 0.06351108448172559
0 0.5762243285939969 0.4868184541641702 0.11611374407582938 0.06890353505092871
0 0.6951026856240127 0.487717195925704 0.11532385466034754 0.07429598562013182
0 0.8317535545023697 0.4886159376872379 0.15007898894154817 0.07249850209706411
0 0.5762243285939969 0.5763930497303775 0.11769352290679305 0.07189934092270821
