0 0.24091627172195892 0.11144397843019772 0.09320695102685624 0.04313960455362493
0 0.4087677725118483 0.11324146195326543 0.10505529225908372 0.05632115038945477
0 0.5770142180094787 0.11204313960455363 0.10979462875197472 0.05512282804074296
0 0.7432859399684044 0.11174355901737568 0.10900473933649289 0.056920311563810666
0 0.7259083728278041 0.20161773517076093 0.16587677725118483 0.08208508088675855
0 0.5347551342812006 0.20011983223487118 0.16903633491311215 0.08148591971240264
0 0.3246445497630332 0.20221689634511683 0.17061611374407581 0.08328340323547034
0 0.35071090047393366 0.3058717795086878 0.24960505529225907 0.08088675853804674
0 0.6338862559241706 0.3079688436189335 0.2156398104265403 0.05871779508687837
0 0.33649289099526064 0.4508687837028161 0.1674565560821485 0.08088675853804674
0 0.5146129541864138 0.45026962252846015 0.16350710900473933 0.08328340323547034
0 0.688783570300158 0.4508687837028161 0.1627172195892575 0.08088675853804674
0 0.6390205371248026 0.5569203115638107 0.21958925750394945 0.05811863391252247
0 0.35308056872037913 0.5554224086279209 0.24960505529225907 0.08028759736369083
