0 0.2606635071090047 0.16926303175554225 0.2622432859399684 0.06051527860994608
0 0.26026856240126384 0.2330736968244458 0.26303317535545023 0.06231276213301378
0 0.2606635071090047 0.2962852007189934 0.2622432859399684 0.06051527860994608
0 0.2606635071090047 0.35949670461354105 0.2622432859399684 0.06111443978430198
0 0.25908372827804105 0.4164170161773517 0.20221169036334913 0.052726183343319355
0 0.2606635071090047 0.4706411024565608 0.2306477093206951 0.05212702216896345
0 0.5864928909952607 0.14080287597363692 0.0655608214849921 0.04553624925104853
0 0.7148499210110585 0.1384062312762133 0.061611374407582936 0.03115638106650689
0 0.8230647709320695 0.13870581186339126 0.06003159557661927 0.025763930497303775
0 0.7721169036334913 0.18933493109646496 0.0655608214849921 0.033553025763930495
0 0.6457345971563981 0.19053325344517677 0.06398104265402843 0.03235470341521869
0 0.7057661927330173 0.23816656680647094 0.0655608214849921 0.03654883163571001
0 0.5691153238546603 0.2390653085680048 0.06872037914691943 0.035949670461354104
0 0.84913112164297 0.2366686638705812 0.09636650868878358 0.04074295985620132
