0 0.40639810426540285 0.10335530257639305 0.06398104265402843 0.040143798681845415
0 0.2685624012638231 0.18394248052726184 0.08214849921011058 0.05032953864589575
0 0.556477093206951 0.1426003594967046 0.08925750394944708 0.07908927501497903
0 0.3558451816745656 0.2525464349910126 0.05924170616113744 0.04973037747153985
0 0.44154818325434436 0.24565608148591972 0.09636650868878358 0.0683043738765728
0 0.5446287519747235 0.24056321150389456 0.11137440758293839 0.09167165967645297
0 0.3558451816745656 0.4128220491312163 0.08767772511848342 0.07669263031755542
0 0.5296208530805687 0.4008388256440983 0.16350710900473933 0.09466746554823248
0 0.7002369668246445 0.40143798681845416 0.13981042654028436 0.09466746554823248
0 0.3953396524486572 0.5751947273816657 0.08293838862559241 0.05871779508687837
0 0.5501579778830964 0.5680047932893949 0.13191153238546605 0.07309766327142002
0 0.4470774091627172 0.6785500299580587 0.16113744075829384 0.07369682444577591
