0 0.509083728278041 0.4251048532055123 0.12559241706161137 0.0713001797483523
0 0.33175355450236965 0.48921509886159376 0.04739336492890995 0.029358897543439184
0 0.7002369668246445 0.19203115638106652 0.19510268562401265 0.11443978430197724
0 0.6394154818325435 0.22408627920910726 0.04660347551342812 0.017974835230677052
0 0.6038704581358609 0.2049131216297184 0.03712480252764613 0.02396644697423607
0 0.5829383886255924 0.18214499700419412 0.04739336492890995 0.02396644697423607
0 0.5797788309636651 0.1506890353505093 0.03949447077409163 0.02696225284601558
0 0.6093996840442338 0.1330137807070102 0.026066350710900472 0.03714799281006591
0 0.7018167456556083 0.13810665068903535 0.05134281200631911 0.028160575194727384
0 0.7152448657187993 0.15967645296584781 0.038704581358609796 0.029358897543439184
