0 0.1919431279620853 0.16566806470940684 0.10268562401263823 0.03774715398442181
0 0.28672985781990523 0.12762133013780708 0.052132701421800945 0.02396644697423607
0 0.40718799368088465 0.13511084481725585 0.17614533965244866 0.07369682444577591
0 0.6279620853080569 0.13091671659676454 0.13428120063191154 0.07489514679448772
0 0.7930489731437599 0.1288196524865189 0.13428120063191154 0.08747753145596165
0 0.6338862559241706 0.2201917315757939 0.17140600315955765 0.07489514679448772
0 0.6149289099526066 0.3181545835829838 0.14139020537124802 0.07549430796884363
0 0.41824644549763035 0.3160575194727382 0.13981042654028436 0.08328340323547034
0 0.30055292259083727 0.2893948472139005 0.05608214849921011 0.021569802276812464
0 0.2018167456556082 0.3016776512881965 0.1066350710900474 0.053325344517675254
0 0.28949447077409163 0.20581186339125226 0.07977883096366509 0.023367285799880167
0 0.41429699842022116 0.2201917315757939 0.1524486571879937 0.08927501497902936
