0 0.26342812006319116 0.11114439784301977 0.21721958925750395 0.05212702216896345
0 0.5031595576619273 0.11503894547633314 0.20695102685624012 0.04553624925104853
0 0.745260663507109 0.11024565608148593 0.20300157977883096 0.052726183343319355
0 0.7342022116903634 0.19862192929898143 0.20616113744075829 0.04493708807669263
0 0.5063191153238547 0.20071899340922708 0.2116903633491311 0.04433792690233673
0 0.25829383886255924 0.1854403834631516 0.20853080568720378 0.04373876572798083
0 0.1579778830963665 0.46195326542840026 0.14691943127962084 0.0347513481126423
0 0.38744075829383884 0.4601557819053326 0.16192733017377567 0.0347513481126423
0 0.4036334913112164 0.5113840623127621 0.1627172195892575 0.040143798681845415
0 0.1607424960505529 0.5164769322947873 0.16192733017377567 0.0347513481126423
