0 0.4154818325434439 0.13750748951467945 0.09636650868878358 0.05212702216896345
0 0.2578988941548183 0.13511084481725585 0.09557661927330173 0.04373876572798083
0 0.6429699842022116 0.14140203714799282 0.24960505529225907 0.07070101857399641
0 0.6808846761453397 0.18454164170161774 0.061611374407582936 0.02756141402037148
0 0.38941548183254343 0.2091072498502097 0.05845181674565561 0.035949670461354104
0 0.39928909952606634 0.24625524266027563 0.07345971563981042 0.03714799281006591
0 0.39691943127962087 0.2855002995805872 0.09083728278041074 0.028160575194727384
0 0.6635071090047393 0.24985020970641103 0.25118483412322273 0.0994607549430797
0 0.38744075829383884 0.3250449370880767 0.04818325434439179 0.0341521869382864
0 0.38941548183254343 0.36758538046734573 0.044233807266982623 0.040143798681845415
0 0.3953396524486572 0.4056321150389455 0.05766192733017377 0.028759736369083286
0 0.6540284360189573 0.3496105452366687 0.2638230647709321 0.10005991611743559
0 0.28949447077409163 0.5338526063511084 0.09873617693522907 0.06231276213301378
0 0.4782780410742496 0.5275614140203715 0.09399684044233807 0.04493708807669263
0 0.6879936808846762 0.5350509286998203 0.09794628751974724 0.06231276213301378
0 0.3333333333333333 0.6153385260635111 0.2480252764612954 0.0695026962252846
0 0.4304897314375987 0.6938286399041342 0.06477093206951026 0.03235470341521869
0 0.43364928909952605 0.7465548232474536 0.061611374407582936 0.029958058717795086
0 0.6623222748815166 0.6168364289994008 0.24723538704581358 0.09886159376872379
0 0.6524486571879937 0.7124026363091672 0.2622432859399684 0.09826243259436789
