0 0.13783570300157977 0.4508687837028161 0.11137440758293839 0.029358897543439184
0 0.2883096366508689 0.44367884961054527 0.10110584518167456 0.04493708807669263
0 0.43364928909952605 0.4427801078490114 0.10268562401263823 0.04793289394847214
0 0.25157977883096366 0.5698022768124625 0.0703001579778831 0.017974835230677052
0 0.372432859399684 0.5695026962252846 0.07345971563981042 0.016177351707609346
0 0.514218009478673 0.5704014379868184 0.10584518167456555 0.02396644697423607
0 0.5920221169036335 0.5826842420611145 0.04660347551342812 0.011384062312762133
0 0.7081358609794629 0.5698022768124625 0.15718799368088468 0.035949670461354104
0 0.37085308056872035 0.6821449970041942 0.18562401263823064 0.040143798681845415
0 0.6157187993680885 0.6845416417016178 0.21248025276461296 0.040143798681845415
0 0.6540284360189573 0.7768124625524266 0.24328593996840442 0.09526662672258839
0 0.33965244865718797 0.774715398442181 0.24170616113744076 0.10545236668663871
