0 0.20300157977883096 0.13511084481725585 0.13270142180094788 0.07249850209706411
0 0.3597946287519747 0.14170161773517076 0.13665086887835703 0.04733373277411624
0 0.584913112164297 0.1384062312762133 0.10505529225908372 0.07070101857399641
0 0.6781200631911533 0.14589574595566207 0.0924170616113744 0.02696225284601558
0 0.8278041074249605 0.14050329538645895 0.13744075829383887 0.0701018573996405
0 0.7290679304897314 0.2336728579988017 0.16903633491311215 0.07070101857399641
0 0.8250394944707741 0.3487118034751348 0.13507109004739337 0.07189934092270821
0 0.6169036334913112 0.3463151587777112 0.17061611374407581 0.07070101857399641
0 0.28791469194312796 0.2660275614140204 0.21248025276461296 0.07309766327142002
0 0.15481832543443919 0.4101258238466147 0.10742496050552923 0.07249850209706411
0 0.3665086887835703 0.4110245656081486 0.11216429699842022 0.07549430796884363
0 0.28515007898894157 0.4706411024565608 0.08530805687203791 0.0329538645895746
0 0.42101105845181674 0.4712402636309167 0.08846761453396525 0.03654883163571001
0 0.4186413902053712 0.5050928699820252 0.08688783570300158 0.03235470341521869
0 0.4174565560821485 0.5416417016177352 0.08293838862559241 0.03115638106650689
0 0.28475513428120064 0.5071899340922709 0.08451816745655608 0.0329538645895746
0 0.2835703001579779 0.5440383463151588 0.08846761453396525 0.03235470341521869
0 0.27606635071090047 0.5925704014379868 0.06714060031595577 0.035949670461354104
0 0.41429699842022116 0.5940683043738766 0.06872037914691943 0.035350509286998205
0 0.41429699842022116 0.6297183942480528 0.07187993680884676 0.033553025763930495
0 0.415086887835703 0.6653684841222289 0.0703001579778831 0.0341521869382864
0 0.2764612954186414 0.6288196524865189 0.07109004739336493 0.0341521869382864
0 0.27804107424960506 0.6647693229478729 0.06951026856240126 0.03175554224086279
