0 0.2551342812006319 0.11923307369682445 0.1769352290679305 0.11743559017375674
0 0.4921011058451817 0.1201318154583583 0.1627172195892575 0.11563810665068903
0 0.717219589257504 0.1189334931096465 0.15955766192733017 0.11803475134811264
0 0.25236966824644547 0.2669263031755542 0.15876777251184834 0.11563810665068903
0 0.4834123222748815 0.2660275614140204 0.15955766192733017 0.11623726782504494
0 0.7195892575039494 0.2690233672857999 0.16587677725118483 0.10665068903535051
0 0.1943127962085308 0.45356500898741764 0.19115323854660346 0.06111443978430198
0 0.3941548183254344 0.44937088076692633 0.19115323854660346 0.0695026962252846
0 0.5979462875197472 0.44427801078490115 0.19115323854660346 0.07729179149191133
0 0.7962085308056872 0.438885560215698 0.1769352290679305 0.09167165967645297
0 0.8033175355450237 0.5545236668663871 0.18799368088467613 0.08208508088675855
0 0.5904423380726698 0.5497303774715399 0.17614533965244866 0.09047333732774117
0 0.3890205371248025 0.5500299580587178 0.17614533965244866 0.08987417615338526
0 0.18799368088467613 0.5494307968843619 0.17535545023696683 0.09107249850209706
