0 0.1406003159557662 0.14679448771719594 0.09004739336492891 0.039544637507489516
0 0.2330173775671406 0.14289994008388257 0.05529225908372828 0.048532055122828044
0 0.3688783570300158 0.14409826243259438 0.13270142180094788 0.04733373277411624
0 0.3988941548183254 0.21120431396045536 0.14375987361769352 0.04254044337926902
0 0.24170616113744076 0.21300179748352308 0.07740916271721959 0.0329538645895746
0 0.14139020537124802 0.21150389454763333 0.09004739336492891 0.039544637507489516
0 0.1406003159557662 0.27291791491911327 0.08846761453396525 0.040143798681845415
0 0.23183254344391785 0.27950868783702815 0.045023696682464455 0.019772318753744758
0 0.34913112164297 0.27531455961653684 0.10584518167456555 0.03894547633313361
0 0.39731437598736175 0.3361294188136609 0.14533965244865718 0.041941282204913125
0 0.2381516587677725 0.3403235470341522 0.07977883096366509 0.029958058717795086
0 0.13981042654028436 0.33523067705212706 0.09004739336492891 0.04134212103055722
0 0.1406003159557662 0.3987417615338526 0.08846761453396525 0.040143798681845415
0 0.24170616113744076 0.40772917914919116 0.08214849921011058 0.035350509286998205
0 0.39849921011058453 0.3996405032953865 0.1429699842022117 0.041941282204913125
0 0.24210110584518166 0.4646494907130018 0.06398104265402843 0.0341521869382864
0 0.14257503949447078 0.4604553624925105 0.08767772511848342 0.03894547633313361
0 0.3941548183254344 0.4622528460155782 0.1484992101105845 0.04134212103055722
