0 0.1915481832543444 0.23157579388855604 0.13981042654028436 0.04733373277411624
0 0.19036334913112163 0.2792091072498502 0.14218009478672985 0.04793289394847214
0 0.19470774091627172 0.33493109646494906 0.10979462875197472 0.03834631515877771
0 0.2606635071090047 0.4721390053924506 0.10110584518167456 0.02756141402037148
0 0.42180094786729855 0.4766327142001198 0.09320695102685624 0.03055721989215099
0 0.5691153238546603 0.4724385859796285 0.07819905213270142 0.03055721989215099
0 0.7239336492890995 0.4724385859796285 0.10347551342812006 0.03774715398442181
0 0.315955766192733 0.5371479928100659 0.08372827804107424 0.04254044337926902
0 0.4052132701421801 0.5524266027561414 0.08372827804107424 0.035949670461354104
0 0.533175355450237 0.5296584781306172 0.14533965244865718 0.046734571599760334
0 0.7286729857819905 0.542540443379269 0.11769352290679305 0.05811863391252247
0 0.6670616113744076 0.6330137807070102 0.17772511848341233 0.07609346914319952
0 0.4928909952606635 0.6434991012582385 0.0947867298578199 0.05392450569203116
0 0.3795418641390205 0.6303175554224086 0.1018957345971564 0.07908927501497903
0 0.4099526066350711 0.7246854403834632 0.1627172195892575 0.07849011384062313
0 0.6607424960505529 0.725284601557819 0.174565560821485 0.07729179149191133
0 0.6690363349131122 0.8097663271420013 0.17377567140600317 0.0665068903535051
0 0.40047393364928907 0.8061713600958658 0.17851500789889416 0.06411024565608149
