0 0.1844391785150079 0.10754943079688437 0.07977883096366509 0.03894547633313361
0 0.35308056872037913 0.10814859197124027 0.08530805687203791 0.04733373277411624
0 0.565955766192733 0.10844817255841822 0.10821484992101106 0.05032953864589575
0 0.7555292259083728 0.10754943079688437 0.10979462875197472 0.04973037747153985
0 0.2578988941548183 0.25104853205512284 0.10505529225908372 0.04913121629718394
0 0.43601895734597157 0.2504493708807669 0.10742496050552923 0.05032953864589575
0 0.6255924170616114 0.25224685440383465 0.15165876777251186 0.07789095266626722
0 0.8052922590837283 0.2519472738166567 0.10821484992101106 0.08208508088675855
0 0.2713270142180095 0.39844218094667466 0.13507109004739337 0.06470940683043738
0 0.2804107424960505 0.28370281605751946 0.02843601895734597 0.012582384661473937
0 0.28475513428120064 0.29478729778310364 0.04028436018957346 0.009586578789694428
0 0.2871248025276461 0.3043738765727981 0.04818325434439179 0.009586578789694428
0 0.28988941548183256 0.31455961653684844 0.05055292259083728 0.010784901138406232
0 0.4656398104265403 0.28490113840623127 0.029225908372827805 0.01018573996405033
0 0.4695892575039494 0.2944877171959257 0.038704581358609796 0.01018573996405033
0 0.47235387045813587 0.3043738765727981 0.045813586097946286 0.009586578789694428
0 0.47511848341232227 0.3148591971240264 0.04976303317535545 0.01018573996405033
0 0.46919431279620855 0.32534451767525463 0.036334913112164295 0.013181545835829839
