0 0.28515007898894157 0.17285799880167765 0.07424960505529225 0.09526662672258839
0 0.23459715639810427 0.2944877171959257 0.0631911532385466 0.0329538645895746
0 0.235781990521327 0.329239065308568 0.06398104265402843 0.035350509286998205
0 0.240521327014218 0.3639904134212103 0.07187993680884676 0.03055721989215099
0 0.22946287519747235 0.3981426003594967 0.07819905213270142 0.035350509286998205
0 0.22946287519747235 0.4346914319952067 0.07977883096366509 0.035350509286998205
0 0.23025276461295419 0.47094068304373876 0.07977883096366509 0.035949670461354104
0 0.23104265402843602 0.5065907729179149 0.07661927330173776 0.03654883163571001
0 0.22906793048973143 0.5410425404433793 0.08530805687203791 0.033553025763930495
0 0.22906793048973143 0.5772917914919113 0.08372827804107424 0.040143798681845415
0 0.22511848341232227 0.6132414619532655 0.0947867298578199 0.04733373277411624
0 0.22709320695102686 0.6458957459556621 0.08925750394944708 0.03834631515877771
0 0.2255134281200632 0.68274415817855 0.0924170616113744 0.04493708807669263
0 0.2255134281200632 0.71929298981426 0.0971563981042654 0.04733373277411624
0 0.22669826224328593 0.7525464349910126 0.0947867298578199 0.04433792690233673
