0 0.4968404423380727 0.14469742360695026 0.15955766192733017 0.05452366686638706
0 0.37480252764612954 0.2792091072498502 0.13665086887835703 0.039544637507489516
0 0.37480252764612954 0.32953864589574594 0.13191153238546605 0.04074295985620132
0 0.3763823064770932 0.37717195925704017 0.1334913112164297 0.040143798681845415
0 0.37598736176935227 0.42600359496704615 0.12796208530805686 0.039544637507489516
0 0.37717219589257506 0.47303774715398444 0.12717219589257503 0.04254044337926902
0 0.3763823064770932 0.5212702216896345 0.12559241706161137 0.03834631515877771
0 0.37993680884676145 0.5650089874176154 0.1406003159557662 0.03235470341521869
0 0.3803317535545024 0.6030557219892151 0.14139020537124802 0.0329538645895746
0 0.3795418641390205 0.6420011983223487 0.14139020537124802 0.03175554224086279
0 0.3811216429699842 0.6803475134811264 0.146129541864139 0.0341521869382864
0 0.3803317535545024 0.7183942480527262 0.14139020537124802 0.03235470341521869
0 0.37993680884676145 0.75584182144997 0.14375987361769352 0.03055721989215099
