0 0.25157977883096366 0.1318154583582984 0.10979462875197472 0.06710605152786099
0 0.419826224328594 0.12911923307369683 0.11453396524486571 0.07489514679448772
0 0.5932069510268563 0.1390053924505692 0.1943127962085308 0.10665068903535051
0 0.7037914691943128 0.2935889754343919 0.19747235387045814 0.08508088675853805
0 0.5157977883096366 0.3322348711803475 0.18799368088467613 0.1048532055122828
0 0.3566350710900474 0.2872977831036549 0.1966824644549763 0.08448172558418214
0 0.26895734597156395 0.5497303774715399 0.2519747235387046 0.11084481725584182
0 0.6011058451816745 0.5530257639304973 0.25118483412322273 0.11144397843019772
0 0.7468404423380727 0.713600958657879 0.24407582938388625 0.08867585380467347
0 0.5019747235387045 0.7162971839424805 0.24723538704581358 0.09047333732774117
0 0.25434439178515006 0.7046135410425405 0.2527646129541864 0.10904733373277412
