0 0.2815955766192733 0.3517076093469143 0.18246445497630331 0.07669263031755542
0 0.18088467614533965 0.46135410425404433 0.07424960505529225 0.03714799281006591
0 0.18088467614533965 0.49670461354104256 0.07109004739336493 0.029958058717795086
0 0.18009478672985782 0.5296584781306172 0.06951026856240126 0.029958058717795086
0 0.18048973143759872 0.5620131815458358 0.0703001579778831 0.03115638106650689
0 0.179304897314376 0.5955662073097664 0.06951026856240126 0.029958058717795086
0 0.18009478672985782 0.6276213301378071 0.0679304897314376 0.03055721989215099
0 0.18048973143759872 0.6599760335530258 0.06872037914691943 0.0329538645895746
0 0.24960505529225907 0.5937687237866986 0.037914691943127965 0.021569802276812464
0 0.25 0.6261234272019174 0.04028436018957346 0.022768124625524265
0 0.25157977883096366 0.6599760335530258 0.04028436018957346 0.022168963451168366
