0 0.24407582938388625 0.1348112642300779 0.05845181674565561 0.06351108448172559
0 0.3392575039494471 0.14349910125823848 0.07977883096366509 0.05092869982025165
0 0.4443127962085308 0.14409826243259438 0.06872037914691943 0.0665068903535051
0 0.5683254344391785 0.14200119832234873 0.07661927330173776 0.07309766327142002
0 0.7014218009478673 0.14110245656081485 0.0947867298578199 0.07249850209706411
0 0.712085308056872 0.25943678849610546 0.12085308056872038 0.11024565608148593
0 0.5572669826224329 0.2573397243858598 0.12559241706161137 0.11204313960455363
0 0.7223538704581358 0.41491911324146197 0.12243285939968404 0.10964649490713002
0 0.5813586097946287 0.41461953265428403 0.1263823064770932 0.11144397843019772
0 0.42417061611374407 0.4122228879568604 0.12796208530805686 0.10904733373277412
0 0.278436018957346 0.4128220491312163 0.12559241706161137 0.11024565608148593
0 0.2942338072669826 0.2585380467345716 0.08293838862559241 0.06411024565608149
0 0.4312796208530806 0.2585380467345716 0.1263823064770932 0.08208508088675855
