0 0.3763823064770932 0.152486518873577 0.12243285939968404 0.09766327142001198
0 0.7199842022116903 0.1512881965248652 0.12085308056872038 0.09167165967645297
0 0.6398104265402843 0.2968843618933493 0.05687203791469194 0.02696225284601558
0 0.6390205371248026 0.3756740563211504 0.03317535545023697 0.019173157579388856
0 0.6406003159557662 0.40473337327741166 0.03317535545023697 0.01737567405632115
0 0.6406003159557662 0.4322947872977831 0.03475513428120063 0.01737567405632115
0 0.641785150078989 0.4628520071899341 0.045023696682464455 0.023367285799880167
0 0.5781990521327014 0.49550629119233075 0.04897314375987362 0.02396644697423607
0 0.5750394944707741 0.530557219892151 0.052132701421800945 0.023367285799880167
0 0.5766192733017378 0.5653085680047933 0.052132701421800945 0.025763930497303775
0 0.35150078988941547 0.43319352905931696 0.13744075829383887 0.08747753145596165
0 0.42575039494470773 0.2702216896345117 0.11690363349131122 0.0994607549430797
0 0.29265402843601895 0.2699221090473337 0.13665086887835703 0.09646494907130018
0 0.36492890995260663 0.6246255242660276 0.18325434439178515 0.10844817255841822
0 0.16153238546603474 0.6261234272019174 0.1287519747235387 0.1006590772917915
0 0.5778041074249605 0.597363690832834 0.04976303317535545 0.02396644697423607
0 0.6394154818325435 0.6345116836429 0.0339652448657188 0.016776512881965248
0 0.641390205371248 0.6671659676452966 0.044233807266982623 0.019772318753744758
0 0.641390205371248 0.6998202516476932 0.045813586097946286 0.02037147992810066
0 0.5758293838862559 0.7019173157579389 0.04739336492890995 0.022168963451168366
0 0.5781990521327014 0.6674655482324745 0.05055292259083728 0.025164769322947873
0 0.5746445497630331 0.6324146195326543 0.05134281200631911 0.025763930497303775
