0 0.49921011058451814 0.15008987417615338 0.11058451816745656 0.09047333732774117
0 0.3736176935229068 0.2402636309167166 0.036334913112164295 0.021569802276812464
0 0.3732227488151659 0.26243259436788496 0.03712480252764613 0.021569802276812464
0 0.3736176935229068 0.28490113840623127 0.037914691943127965 0.019772318753744758
0 0.37282780410742494 0.30647094068304376 0.037914691943127965 0.020970641102456562
0 0.3716429699842022 0.3280407429598562 0.04028436018957346 0.020970641102456562
0 0.37282780410742494 0.3529059316956261 0.045813586097946286 0.02037147992810066
0 0.37282780410742494 0.372079089275015 0.04897314375987362 0.017974835230677052
0 0.37282780410742494 0.39604553624925104 0.03317535545023697 0.029958058717795086
0 0.3732227488151659 0.42690233672858 0.035545023696682464 0.022168963451168366
0 0.372432859399684 0.45266626722588377 0.030805687203791468 0.01737567405632115
0 0.37203791469194314 0.4745356500898742 0.04107424960505529 0.02396644697423607
0 0.3736176935229068 0.4952067106051528 0.04739336492890995 0.018573996405032954
0 0.37282780410742494 0.5176752546434991 0.037914691943127965 0.026363091671659677
0 0.37598736176935227 0.5398442180946674 0.0679304897314376 0.016776512881965248
0 0.3736176935229068 0.5701018573996405 0.045813586097946286 0.025763930497303775
0 0.3732227488151659 0.5979628520071899 0.04976303317535545 0.029958058717795086
0 0.372432859399684 0.6237267825044938 0.03712480252764613 0.022768124625524265
0 0.372432859399684 0.6500898741761534 0.038704581358609796 0.028759736369083286
0 0.37203791469194314 0.6734571599760336 0.037914691943127965 0.017974835230677052
