0 0.20576619273301738 0.15638106650689035 0.09083728278041074 0.041941282204913125
0 0.38507109004739337 0.15638106650689035 0.11611374407582938 0.046734571599760334
0 0.5541074249605055 0.15698022768124625 0.08767772511848342 0.04313960455362493
0 0.7239336492890995 0.14170161773517076 0.11295418641390205 0.07729179149191133
0 0.5572669826224329 0.2977831036548832 0.11295418641390205 0.07309766327142002
0 0.37006319115323855 0.3016776512881965 0.09083728278041074 0.04254044337926902
0 0.19865718799368087 0.3019772318753745 0.08609794628751975 0.041941282204913125
0 0.2606635071090047 0.4994008388256441 0.10426540284360189 0.04134212103055722
0 0.41153238546603477 0.5011983223487119 0.12796208530805686 0.0701018573996405
0 0.40205371248025273 0.597363690832834 0.12164296998420221 0.07070101857399641
0 0.1311216429699842 0.5470341521869383 0.09004739336492891 0.039544637507489516
0 0.24842022116903634 0.5946674655482325 0.09873617693522907 0.06411024565608149
