0 0.2890995260663507 0.13391252246854404 0.061611374407582936 0.06291192330736968
0 0.35150078988941547 0.14230077890952667 0.037914691943127965 0.03894547633313361
0 0.45734597156398105 0.12911923307369683 0.07582938388625593 0.04733373277411624
0 0.5671406003159558 0.1324146195326543 0.08056872037914692 0.04913121629718394
0 0.6951026856240127 0.13391252246854404 0.08056872037914692 0.05092869982025165
0 0.3345181674565561 0.2201917315757939 0.07977883096366509 0.046135410425404436
0 0.5011848341232228 0.22977831036548832 0.11611374407582938 0.08328340323547034
0 0.4948657187993681 0.34721390053924506 0.11453396524486571 0.08208508088675855
0 0.6753554502369669 0.3439185140802876 0.11216429699842022 0.08268424206111444
0 0.3281990521327014 0.46195326542840026 0.10031595576619273 0.05751947273816657
0 0.48854660347551343 0.45955662073097664 0.09873617693522907 0.05392450569203116
0 0.6646919431279621 0.4616536848412223 0.11611374407582938 0.08208508088675855
