0 0.2985781990521327 0.1384062312762133 0.11058451816745656 0.09107249850209706
0 0.42180094786729855 0.10575194727381666 0.11216429699842022 0.07729179149191133
0 0.6192733017377567 0.10665068903535051 0.11374407582938388 0.09227082085080887
0 0.669431279620853 0.22109047333732776 0.17772511848341233 0.09107249850209706
0 0.6895734597156398 0.31635710005991613 0.19273301737756715 0.08268424206111444
0 0.4932859399684044 0.29508687837028164 0.10505529225908372 0.09886159376872379
0 0.6796998420221169 0.46195326542840026 0.14454976303317535 0.09706411024565609
0 0.5225118483412322 0.49670461354104256 0.15402843601895735 0.07669263031755542
0 0.3203001579778831 0.47543439185140807 0.14454976303317535 0.08088675853804674
0 0.3037124802527646 0.3750748951467945 0.17614533965244866 0.07789095266626722
0 0.30726698262243285 0.262133013780707 0.19273301737756715 0.08448172558418214
