0 0.28001579778830965 0.18633912522468543 0.13191153238546605 0.11863391252246855
0 0.429304897314376 0.1872378669862193 0.1240126382306477 0.10605152786099462
0 0.5722748815165877 0.18753744757339724 0.1287519747235387 0.12582384661473936
0 0.7211690363349131 0.18693828639904134 0.12796208530805686 0.12582384661473936
0 0.7191943127962085 0.3618933493109647 0.1240126382306477 0.13780707010185742
0 0.5959715639810427 0.3627920910724985 0.12243285939968404 0.16117435590173756
0 0.45260663507109006 0.3609946075494308 0.1406003159557662 0.14919113241461954
0 0.30213270142180093 0.3621929298981426 0.1382306477093207 0.14679448771719594
0 0.30015797788309634 0.530557219892151 0.13270142180094788 0.08687837028160575
0 0.49960505529225907 0.5320551228280408 0.165086887835703 0.08508088675853805
0 0.6974723538704581 0.5332534451767525 0.1627172195892575 0.11384062312762133
0 0.37006319115323855 0.6647693229478729 0.18562401263823064 0.07489514679448772
0 0.6172985781990521 0.665068903535051 0.1919431279620853 0.05751947273816657
