0 0.2989731437598736 0.11174355901737568 0.1334913112164297 0.1012582384661474
0 0.43364928909952605 0.10724985020970641 0.19589257503949448 0.09586578789694428
0 0.593996840442338 0.11264230077890953 0.11532385466034754 0.10545236668663871
0 0.707345971563981 0.12103055721989216 0.12717219589257503 0.08268424206111444
0 0.2930489731437599 0.22947872977831038 0.13270142180094788 0.09466746554823248
0 0.4214060031595577 0.23247453565008988 0.1240126382306477 0.09227082085080887
0 0.5572669826224329 0.23277411623726782 0.11927330173775672 0.07968843618933494
0 0.6875987361769352 0.22947872977831038 0.12717219589257503 0.07789095266626722
0 0.32424960505529227 0.33822648292390656 0.14454976303317535 0.07729179149191133
0 0.5173775671406003 0.33523067705212706 0.2037914691943128 0.09167165967645297
0 0.6852290679304898 0.341521869382864 0.14770932069510267 0.07908927501497903
0 0.37598736176935227 0.48412222887956863 0.10900473933649289 0.06111443978430198
0 0.6295418641390206 0.48502097064110244 0.10742496050552923 0.06411024565608149
