0 0.6058451816745656 0.19502696225284602 0.11848341232227488 0.13001797483523067
0 0.7247235387045814 0.16057519472738166 0.06240126382306477 0.04553624925104853
0 0.6484992101105845 0.07998801677651288 0.07898894154818326 0.04254044337926902
0 0.5240916271721959 0.14200119832234873 0.07661927330173776 0.03115638106650689
0 0.5572669826224329 0.2666267225883763 0.06240126382306477 0.03115638106650689
0 0.6571879936808847 0.2935889754343919 0.03475513428120063 0.05392450569203116
0 0.3230647709320695 0.4421809466746555 0.15323854660347552 0.052726183343319355
0 0.49170616113744076 0.43409227082085083 0.15402843601895735 0.08807669263031756
0 0.6733807266982622 0.4281006590772918 0.15402843601895735 0.11803475134811264
0 0.6109794628751974 0.6587777112043139 0.12085308056872038 0.08927501497902936
0 0.6188783570300158 0.5557219892150989 0.052922590837282776 0.04493708807669263
0 0.5837282780410742 0.5715997603355303 0.08056872037914692 0.04913121629718394
0 0.5355450236966824 0.6225284601557819 0.06635071090047394 0.05991611743559017
0 0.7251184834123222 0.6482923906530857 0.061611374407582936 0.04433792690233673
