0 0.49881516587677727 0.14140203714799282 0.26303317535545023 0.07189934092270821
0 0.6038704581358609 0.26123427201917315 0.054502369668246446 0.04793289394847214
0 0.6030805687203792 0.3208508088675854 0.11295418641390205 0.048532055122828044
0 0.34123222748815163 0.262133013780707 0.05055292259083728 0.05092869982025165
0 0.33965244865718797 0.3199520671060515 0.10110584518167456 0.05152786099460755
0 0.6042654028436019 0.3786698621929299 0.14218009478672985 0.05152786099460755
0 0.6038704581358609 0.4373876572798083 0.07819905213270142 0.046734571599760334
0 0.6018957345971564 0.4949071300179749 0.08530805687203791 0.05152786099460755
0 0.3404423380726698 0.37986818454164173 0.12796208530805686 0.05392450569203116
0 0.34083728278041076 0.4376872378669862 0.06398104265402843 0.05212702216896345
0 0.33965244865718797 0.4958058717795087 0.07109004739336493 0.05452366686638706
0 0.6038704581358609 0.5536249251048532 0.0971563981042654 0.046734571599760334
0 0.6022906793048973 0.6132414619532655 0.06872037914691943 0.04733373277411624
0 0.6058451816745656 0.670760934691432 0.08214849921011058 0.04733373277411624
0 0.34083728278041076 0.6114439784301977 0.05766192733017377 0.05092869982025165
0 0.3420221169036335 0.5542240862792092 0.08688783570300158 0.05152786099460755
0 0.33965244865718797 0.670760934691432 0.0679304897314376 0.05092869982025165
0 0.33886255924170616 0.7213900539245057 0.08530805687203791 0.033553025763930495
0 0.6038704581358609 0.7222887956860395 0.08451816745655608 0.0329538645895746
0 0.6018957345971564 0.7723187537447573 0.06477093206951026 0.0347513481126423
0 0.6026856240126383 0.8244457759137208 0.0995260663507109 0.03235470341521869
0 0.3392575039494471 0.7726183343319353 0.06872037914691943 0.04733373277411624
0 0.33886255924170616 0.8238466147393649 0.11216429699842022 0.0347513481126423
