0 0.30055292259083727 0.14529658478130617 0.19352290679304898 0.0701018573996405
0 0.4921011058451817 0.13810665068903535 0.16113744075829384 0.06411024565608149
0 0.6832543443917851 0.14499700419412823 0.20063191153238547 0.07789095266626722
0 0.6804897314375987 0.23157579388855604 0.22511848341232227 0.07849011384062313
0 0.3732227488151659 0.23187537447573398 0.2330173775671406 0.07789095266626722
0 0.593996840442338 0.3621929298981426 0.05845181674565561 0.020970641102456562
0 0.5963665086887836 0.38526063511084485 0.0631911532385466 0.022768124625524265
0 0.717219589257504 0.38795686039544636 0.1579778830963665 0.0713001797483523
0 0.7373617693522907 0.4487717195925704 0.04344391785150079 0.025164769322947873
0 0.5102685624012638 0.4481725584182145 0.18009478672985782 0.07789095266626722
0 0.2819905213270142 0.38496105452366686 0.16113744075829384 0.0665068903535051
0 0.443127962085308 0.384361893349311 0.1484992101105845 0.06291192330736968
