0 0.28080568720379145 0.11503894547633314 0.14139020537124802 0.05991611743559017
0 0.5647709320695102 0.09976033553025764 0.09794628751974724 0.029358897543439184
0 0.7128751974723538 0.09976033553025764 0.10031595576619273 0.029358897543439184
0 0.8590047393364929 0.09856201318154584 0.09873617693522907 0.02456560814859197
0 0.8080568720379147 0.14050329538645895 0.11848341232227488 0.040143798681845415
0 0.6350710900473934 0.14439784301977232 0.13744075829383887 0.03714799281006591
0 0.3274091627172196 0.22318753744757341 0.10505529225908372 0.04373876572798083
0 0.13546603475513427 0.22917914919113241 0.10821484992101106 0.0341521869382864
0 0.1362559241706161 0.304973037747154 0.10347551342812006 0.039544637507489516
0 0.31319115323854657 0.3118633912522469 0.13665086887835703 0.053325344517675254
0 0.3187203791469194 0.4215098861593769 0.11927330173775672 0.04973037747153985
