0 0.20971563981042654 0.11294188136608747 0.08293838862559241 0.0665068903535051
0 0.45932069510268564 0.10665068903535051 0.07661927330173776 0.025164769322947873
0 0.55173775671406 0.10665068903535051 0.0703001579778831 0.026363091671659677
0 0.6473143759873617 0.1048532055122828 0.10821484992101106 0.03834631515877771
0 0.7693522906793049 0.10665068903535051 0.12164296998420221 0.026363091671659677
0 0.7563191153238547 0.14110245656081485 0.12085308056872038 0.023367285799880167
0 0.6370458135860979 0.13870581186339126 0.11295418641390205 0.03894547633313361
0 0.5418641390205371 0.1396045536249251 0.07266982622432859 0.02396644697423607
0 0.44747235387045814 0.1396045536249251 0.07345971563981042 0.026363091671659677
0 0.273696682464455 0.21629718394248054 0.179304897314376 0.06111443978430198
0 0.5015797788309636 0.21629718394248054 0.18167456556082148 0.05991611743559017
0 0.7180094786729858 0.21629718394248054 0.18009478672985782 0.08627920910724986
0 0.7259083728278041 0.3385260635110845 0.1895734597156398 0.08987417615338526
0 0.49881516587677727 0.3391252246854404 0.18404423380726698 0.08747753145596165
0 0.2740916271721959 0.33882564409826244 0.18167456556082148 0.09286998202516478
0 0.7180094786729858 0.46584781306171363 0.17851500789889416 0.11443978430197724
0 0.4940758293838862 0.46674655482324745 0.18088467614533965 0.08747753145596165
0 0.2705371248025276 0.4664469742360695 0.13507109004739337 0.09047333732774117
