0 0.30726698262243285 0.13331336129418814 0.07898894154818326 0.06291192330736968
0 0.4830173775671406 0.13571000599161176 0.07345971563981042 0.05811863391252247
0 0.683649289099526 0.13451168364289995 0.1018957345971564 0.06051527860994608
0 0.8199052132701422 0.35710005991611743 0.10426540284360189 0.09706411024565609
0 0.7053712480252764 0.36009586578789693 0.07109004739336493 0.09346914319952067
0 0.5983412322274881 0.3681845416417016 0.08451816745655608 0.05811863391252247
0 0.5501579778830964 0.5808867585380467 0.06872037914691943 0.05452366686638706
0 0.6725908372827804 0.5769922109047334 0.09083728278041074 0.06231276213301378
0 0.7989731437598736 0.5757938885560215 0.08609794628751975 0.09346914319952067
0 0.8052922590837283 0.6791491911324147 0.08767772511848342 0.09766327142001198
0 0.6642969984202212 0.6818454164170162 0.08846761453396525 0.06470940683043738
0 0.5462085308056872 0.6839424805272618 0.0655608214849921 0.06051527860994608
