0 0.5793838862559242 0.2834032354703415 0.08451816745655608 0.04313960455362493
0 0.7555292259083728 0.2843019772318754 0.1240126382306477 0.05811863391252247
0 0.7444707740916272 0.3550029958058718 0.1287519747235387 0.05212702216896345
0 0.5699052132701422 0.3562013181545836 0.060821484992101105 0.0341521869382864
0 0.7033965244865719 0.45056920311563814 0.10821484992101106 0.05392450569203116
0 0.8483412322274881 0.44637507489514683 0.10584518167456555 0.04313960455362493
0 0.8309636650868878 0.512282804074296 0.13902053712480253 0.039544637507489516
0 0.6473143759873617 0.5113840623127621 0.13981042654028436 0.03774715398442181
0 0.5959715639810427 0.5931695626123428 0.13507109004739337 0.05632115038945477
0 0.806477093206951 0.5925704014379868 0.16429699842022116 0.07789095266626722
0 0.8076619273301737 0.6866387058118634 0.160347551342812 0.07189934092270821
0 0.5967614533965245 0.6863391252246854 0.12717219589257503 0.05811863391252247
0 0.5730647709320695 0.44847213900539246 0.07819905213270142 0.04134212103055722
