0 0.2890995260663507 0.13031755542240864 0.0631911532385466 0.07249850209706411
0 0.42851500789889413 0.13091671659676454 0.09399684044233807 0.0713001797483523
0 0.5722748815165877 0.12642300778909527 0.0924170616113744 0.08508088675853805
0 0.7022116903633491 0.12582384661473936 0.09794628751974724 0.08268424206111444
0 0.4909162717219589 0.2285799880167765 0.0703001579778831 0.03055721989215099
0 0.4202211690363349 0.22917914919113241 0.053712480252764615 0.02696225284601558
0 0.3550552922590837 0.23037747153984423 0.054502369668246446 0.025763930497303775
0 0.2930489731437599 0.22947872977831038 0.044233807266982623 0.026363091671659677
0 0.4466824644549763 0.3427201917315758 0.07819905213270142 0.07908927501497903
0 0.3380726698262243 0.341521869382864 0.08846761453396525 0.07669263031755542
0 0.235781990521327 0.34601557819053325 0.10031595576619273 0.06530856800479329
0 0.12085308056872038 0.34601557819053325 0.07582938388625593 0.06291192330736968
0 0.1966824644549763 0.42959856201318153 0.0631911532385466 0.03235470341521869
0 0.12954186413902052 0.42899940083882565 0.061611374407582936 0.028759736369083286
