0 0.39691943127962087 0.09916117435590174 0.08451816745655608 0.03654883163571001
0 0.4913112164296998 0.1366087477531456 0.10426540284360189 0.028759736369083286
0 0.29936808846761453 0.13031755542240864 0.08530805687203791 0.035350509286998205
0 0.30450236966824645 0.2201917315757939 0.08293838862559241 0.04134212103055722
0 0.4853870458135861 0.2225883762732175 0.13033175355450236 0.05092869982025165
0 0.13270142180094788 0.3864589574595566 0.09636650868878358 0.03834631515877771
0 0.2835703001579779 0.38795686039544636 0.09794628751974724 0.04134212103055722
0 0.43285939968404424 0.38526063511084485 0.09794628751974724 0.04313960455362493
0 0.4154818325434439 0.4787297783103655 0.0995260663507109 0.04313960455362493
0 0.2677725118483412 0.48202516476932294 0.10110584518167456 0.040143798681845415
