0 0.2815955766192733 0.13750748951467945 0.16350710900473933 0.06411024565608149
0 0.7191943127962085 0.13780707010185742 0.16824644549763032 0.06351108448172559
0 0.8238546603475513 0.2207908927501498 0.11058451816745656 0.07609346914319952
0 0.641785150078989 0.22408627920910726 0.17772511848341233 0.08028759736369083
0 0.7266982622432859 0.42720191731575796 0.1769352290679305 0.07189934092270821
0 0.7033965244865719 0.518274415817855 0.17298578199052134 0.07189934092270821
0 0.8171406003159557 0.6186339125224686 0.10979462875197472 0.08687837028160575
0 0.646129541864139 0.6165368484122229 0.18009478672985782 0.08627920910724986
0 0.3854660347551343 0.31935290593169563 0.10110584518167456 0.07669263031755542
0 0.22748815165876776 0.32294787297783106 0.1895734597156398 0.08268424206111444
0 0.2476303317535545 0.22588376273217495 0.18562401263823064 0.06710605152786099
