0 0.2950236966824645 0.13451168364289995 0.165086887835703 0.10605152786099462
0 0.48262243285939965 0.07159976033553025 0.052132701421800945 0.019772318753744758
0 0.48578199052132703 0.10605152786099462 0.061611374407582936 0.016776512881965248
0 0.49249605055292256 0.13211503894547633 0.07187993680884676 0.020970641102456562
0 0.5098736176935229 0.16446974236069503 0.10821484992101106 0.018573996405032954
0 0.5154028436018957 0.19652486518873577 0.11769352290679305 0.02396644697423607
0 0.6816745655608215 0.09886159376872379 0.09794628751974724 0.021569802276812464
0 0.6860189573459715 0.13451168364289995 0.10505529225908372 0.019772318753744758
0 0.693127962085308 0.16387058118633913 0.11927330173775672 0.025763930497303775
0 0.7093206951026856 0.19802276812462552 0.1484992101105845 0.022168963451168366
