0 0.30529225908372826 0.12133013780707011 0.11295418641390205 0.035350509286998205
0 0.4743285939968404 0.12822049131216298 0.16982622432859398 0.04433792690233673
0 0.6623222748815166 0.1288196524865189 0.16192733017377567 0.04433792690233673
0 0.5687203791469194 0.2225883762732175 0.20853080568720378 0.05212702216896345
0 0.584518167456556 0.2953864589574596 0.18167456556082148 0.04793289394847214
0 0.3432069510268562 0.2189934092270821 0.18246445497630331 0.04733373277411624
0 0.25118483412322273 0.46974236069502695 0.15481832543443919 0.04913121629718394
0 0.5260663507109005 0.46345116836429 0.24328593996840442 0.06051527860994608
0 0.4664296998420221 0.5910724985020971 0.2377567140600316 0.06051527860994608
0 0.7033965244865719 0.5877771120431396 0.23617693522906794 0.06231276213301378
