0 0.2665876777251185 0.16147393648891553 0.15718799368088468 0.08927501497902936
0 0.45932069510268564 0.1695626123427202 0.21879936808846762 0.12822049131216298
0 0.6915481832543444 0.1713600958657879 0.2282780410742496 0.11623726782504494
0 0.6757503949447077 0.3115638106650689 0.11927330173775672 0.13780707010185742
0 0.4695892575039494 0.3148591971240264 0.13665086887835703 0.15638106650689035
0 0.2665876777251185 0.30407429598562014 0.14770932069510267 0.11803475134811264
0 0.3613744075829384 0.4580587177950869 0.2014218009478673 0.12162971839424805
0 0.5999210110584519 0.4703415218693829 0.17614533965244866 0.1018573996405033
0 0.6007109004739336 0.6000599161174356 0.12085308056872038 0.1396045536249251
0 0.3467614533965245 0.5970641102456561 0.13270142180094788 0.15398442180946675
