0 0.18088467614533965 0.1183343319352906 0.11374407582938388 0.056920311563810666
0 0.3617693522906793 0.11923307369682445 0.11216429699842022 0.06710605152786099
0 0.5580568720379147 0.11054523666866388 0.08451816745655608 0.04134212103055722
0 0.7349921011058451 0.10874775314559616 0.146129541864139 0.046135410425404436
0 0.8882306477093207 0.15038945476333135 0.06240126382306477 0.04913121629718394
0 0.7156398104265402 0.18004793289394846 0.15955766192733017 0.05572198921509886
0 0.2567140600315956 0.35440383463151587 0.08846761453396525 0.05572198921509886
0 0.41192733017377564 0.4397843019772319 0.146129541864139 0.05512282804074296
0 0.1283570300157978 0.44008388256440983 0.08925750394944708 0.05452366686638706
0 0.2578988941548183 0.5263630916716597 0.15086887835703 0.046135410425404436
