0 0.2618483412322275 0.09406830437387657 0.16350710900473933 0.052726183343319355
0 0.4853870458135861 0.09646494907130018 0.18562401263823064 0.07189934092270821
0 0.7144549763033176 0.09646494907130018 0.18562401263823064 0.04313960455362493
0 0.7156398104265402 0.17615338526063512 0.22432859399684044 0.05751947273816657
0 0.4834123222748815 0.1749550629119233 0.20853080568720378 0.06231276213301378
0 0.26619273301737756 0.1824445775913721 0.1895734597156398 0.05092869982025165
0 0.35742496050552924 0.2843019772318754 0.21406003159557663 0.05572198921509886
0 0.641785150078989 0.28699820251647695 0.2156398104265403 0.05991611743559017
0 0.6145339652448657 0.37717195925704017 0.21484992101105846 0.05811863391252247
0 0.38467614533965244 0.3756740563211504 0.2211690363349131 0.05751947273816657
