0 0.1872037914691943 0.14110245656081485 0.2132701421800948 0.07968843618933494
0 0.424565560821485 0.1384062312762133 0.11927330173775672 0.09706411024565609
0 0.5868878357030016 0.13211503894547633 0.1484992101105845 0.0701018573996405
0 0.8124012638230648 0.1354104254044338 0.13665086887835703 0.05991611743559017
0 0.6714060031595577 0.34182144997004194 0.12796208530805686 0.05212702216896345
0 0.5864928909952607 0.4251048532055123 0.05134281200631911 0.02696225284601558
0 0.6552132701421801 0.42480527261833434 0.0703001579778831 0.028759736369083286
0 0.6240126382306477 0.457459556620731 0.09636650868878358 0.025763930497303775
0 0.174565560821485 0.3397243858597963 0.19747235387045814 0.05512282804074296
0 0.3834913112164297 0.34601557819053325 0.20616113744075829 0.1012582384661474
