0 0.1481042654028436 0.10515278609946076 0.07661927330173776 0.05572198921509886
0 0.1623222748815166 0.1665668064709407 0.11137440758293839 0.05152786099460755
0 0.2883096366508689 0.16686638705811863 0.0995260663507109 0.056920311563810666
0 0.4135071090047393 0.16806470940683044 0.12559241706161137 0.04973037747153985
0 0.5533175355450237 0.1695626123427202 0.1287519747235387 0.05512282804074296
0 0.7045813586097947 0.16626722588376275 0.15639810426540285 0.048532055122828044
0 0.4312796208530806 0.27591372079089277 0.12164296998420221 0.029358897543439184
0 0.28949447077409163 0.27831036548831634 0.07503949447077408 0.023367285799880167
0 0.1552132701421801 0.2714200119832235 0.08293838862559241 0.05632115038945477
0 0.179304897314376 0.3310365488316357 0.1627172195892575 0.05212702216896345
0 0.3613744075829384 0.33493109646494906 0.18562401263823064 0.05632115038945477
0 0.5643759873617693 0.33283403235470344 0.21248025276461296 0.048532055122828044
0 0.7855450236966824 0.3325344517675255 0.21721958925750395 0.07429598562013182
0 0.6642969984202212 0.44008388256440983 0.1769352290679305 0.05811863391252247
0 0.47511848341232227 0.43828639904134215 0.16350710900473933 0.05092869982025165
0 0.22630331753554503 0.4409826243259437 0.24407582938388625 0.05512282804074296
0 0.28475513428120064 0.5398442180946674 0.0703001579778831 0.02756141402037148
0 0.16864139020537125 0.5377471539844219 0.07503949447077408 0.05452366686638706
0 0.21484992101105846 0.6081485919712403 0.21642969984202212 0.05392450569203116
0 0.46011058451816744 0.6111443978430198 0.18404423380726698 0.052726183343319355
