0 0.28475513428120064 0.12672258837627323 0.17298578199052134 0.046135410425404436
0 0.6974723538704581 0.1273217495506291 0.19589257503949448 0.04733373277411624
0 0.6808846761453397 0.24715398442180947 0.08372827804107424 0.07489514679448772
0 0.5904423380726698 0.24655482324745356 0.05766192733017377 0.07249850209706411
0 0.5130331753554502 0.24535650089874178 0.060821484992101105 0.0713001797483523
0 0.4411532385466035 0.24625524266027563 0.06714060031595577 0.07429598562013182
0 0.33649289099526064 0.24535650089874178 0.09004739336492891 0.03175554224086279
0 0.31003159557661925 0.3406231276213301 0.08767772511848342 0.07369682444577591
0 0.4300947867298578 0.35320551228280406 0.10031595576619273 0.09766327142001198
0 0.5039494470774092 0.33822648292390656 0.06477093206951026 0.04373876572798083
0 0.5928120063191153 0.33283403235470344 0.06872037914691943 0.025763930497303775
0 0.6800947867298578 0.3310365488316357 0.08056872037914692 0.02696225284601558
