0 0.1524486571879937 0.1354104254044338 0.10584518167456555 0.07189934092270821
0 0.39178515007898895 0.1348112642300779 0.10742496050552923 0.07189934092270821
0 0.405608214849921 0.19802276812462552 0.05924170616113744 0.0329538645895746
0 0.4052132701421801 0.22977831036548832 0.05687203791469194 0.03175554224086279
0 0.40718799368088465 0.2672258837627322 0.05924170616113744 0.03115638106650689
0 0.41903633491311215 0.3079688436189335 0.09083728278041074 0.033553025763930495
0 0.26619273301737756 0.19562612342720193 0.05687203791469194 0.0341521869382864
0 0.26579778830963663 0.22887956860395448 0.05608214849921011 0.0347513481126423
0 0.2669826224328594 0.27052127022168965 0.05845181674565561 0.03055721989215099
0 0.2792259083728278 0.3073696824445776 0.08767772511848342 0.03235470341521869
0 0.21682464454976302 0.4203115638106651 0.12717219589257503 0.0701018573996405
0 0.36532385466034756 0.42091072498502097 0.09083728278041074 0.03175554224086279
0 0.31240126382306477 0.5674056321150389 0.160347551342812 0.07309766327142002
