0 0.6145339652448657 0.11593768723786699 0.19589257503949448 0.0677052127022169
0 0.8210900473933649 0.12133013780707011 0.18246445497630331 0.06051527860994608
0 0.7883096366508688 0.20581186339125226 0.1484992101105845 0.06171360095865788
0 0.6117693522906793 0.201318154583583 0.19352290679304898 0.0683043738765728
0 0.8262243285939969 0.28579988016776514 0.18009478672985782 0.06470940683043738
0 0.6334913112164297 0.2855002995805872 0.1627172195892575 0.0677052127022169
0 0.8155608214849921 0.366087477531456 0.15402843601895735 0.06470940683043738
0 0.6058451816745656 0.36878370281605755 0.1406003159557662 0.06530856800479329
0 0.7867298578199052 0.4490713001797484 0.14533965244865718 0.06291192330736968
0 0.8234597156398105 0.5287597363690832 0.15086887835703 0.06890353505092871
0 0.6113744075829384 0.44637507489514683 0.1484992101105845 0.06710605152786099
0 0.632306477093207 0.5317555422408629 0.1524486571879937 0.0677052127022169
0 0.8029225908372828 0.610245656081486 0.160347551342812 0.0665068903535051
0 0.8088467614533965 0.689035350509287 0.15165876777251186 0.0683043738765728
0 0.6283570300157978 0.6914319952067106 0.1429699842022117 0.06351108448172559
0 0.6153238546603476 0.6123427201917316 0.1406003159557662 0.06111443978430198
0 0.6216429699842022 0.7681246255242661 0.15639810426540285 0.0659077291791492
