0 0.1721958925750395 0.30946674655482326 0.15323854660347552 0.0701018573996405
0 0.3459715639810427 0.3088675853804674 0.1484992101105845 0.06411024565608149
0 0.2476303317535545 0.44248052726183346 0.07187993680884676 0.03175554224086279
0 0.21287519747235387 0.47483523067705213 0.04976303317535545 0.014979029358897543
0 0.21800947867298578 0.494008388256441 0.03949447077409163 0.023367285799880167
0 0.21287519747235387 0.5221689634511684 0.04660347551342812 0.029358897543439184
0 0.21445497630331753 0.548831635710006 0.045023696682464455 0.02396644697423607
0 0.2132701421800948 0.5769922109047334 0.04897314375987362 0.03115638106650689
0 0.2136650868878357 0.6084481725584182 0.05134281200631911 0.03175554224086279
0 0.21011058451816744 0.6318154583582984 0.05687203791469194 0.014979029358897543
0 0.2112954186413902 0.6557819053325344 0.05766192733017377 0.035350509286998205
0 0.20734597156398105 0.6854403834631516 0.060821484992101105 0.025164769322947873
0 0.20616113744075829 0.7091072498502097 0.06003159557661927 0.022168963451168366
0 0.21287519747235387 0.7333732774116237 0.04660347551342812 0.022768124625524265
0 0.2136650868878357 0.7615338526063511 0.04976303317535545 0.03115638106650689
0 0.21406003159557663 0.792989814260036 0.04739336492890995 0.03055721989215099
0 0.22077409162717218 0.8166566806470941 0.0339652448657188 0.016776512881965248
0 0.21524486571879936 0.8346315158777712 0.052922590837282776 0.021569802276812464
0 0.2132701421800948 0.8511084481725585 0.052132701421800945 0.014979029358897543
0 0.21287519747235387 0.8693828639904134 0.054502369668246446 0.02396644697423607
0 0.21050552922590837 0.8891551827441582 0.05924170616113744 0.016776512881965248
0 0.6757503949447077 0.4427801078490114 0.07187993680884676 0.03115638106650689
0 0.636255924170616 0.47303774715398444 0.05766192733017377 0.014979029358897543
0 0.6192733017377567 0.4898142600359497 0.08846761453396525 0.014979029358897543
0 0.6370458135860979 0.5053924505692031 0.054502369668246446 0.01378070701018574
0 0.636255924170616 0.5200718993409227 0.05766192733017377 0.014379868184541643
0 0.6350710900473934 0.536249251048532 0.05687203791469194 0.014379868184541643
0 0.6358609794628752 0.5512282804074297 0.06003159557661927 0.014379868184541643
0 0.6354660347551343 0.5665068903535051 0.05766192733017377 0.01378070701018574
0 0.636650868878357 0.5823846614739365 0.05529225908372828 0.014379868184541643
0 0.6370458135860979 0.5979628520071899 0.054502369668246446 0.014379868184541643
0 0.6402053712480252 0.6135410425404434 0.04818325434439179 0.013181545835829839
0 0.6789099526066351 0.6414020371479928 0.10031595576619273 0.04134212103055722
0 0.6789099526066351 0.6797483523067706 0.1018957345971564 0.0341521869382864
0 0.6781200631911533 0.7156980227681247 0.11769352290679305 0.03654883163571001
0 0.6781200631911533 0.7546434991012583 0.09083728278041074 0.04134212103055722
0 0.6777251184834123 0.7941881366087478 0.08688783570300158 0.035350509286998205
0 0.6793048973143759 0.8349310964649491 0.09004739336492891 0.046135410425404436
0 0.6781200631911533 0.871779508687837 0.11769352290679305 0.025164769322947873
