0 0.24131121642969983 0.14200119832234873 0.08767772511848342 0.04793289394847214
0 0.3795418641390205 0.1273217495506291 0.08451816745655608 0.07968843618933494
0 0.5379146919431279 0.12552426602756142 0.10900473933649289 0.07609346914319952
0 0.7057661927330173 0.12312762133013781 0.09873617693522907 0.07609346914319952
0 0.7294628751974723 0.23517076093469144 0.1382306477093207 0.09886159376872379
0 0.5430489731437599 0.24056321150389456 0.13981042654028436 0.07249850209706411
0 0.3424170616113744 0.2414619532654284 0.13981042654028436 0.07789095266626722
0 0.20971563981042654 0.44967046135410427 0.07819905213270142 0.048532055122828044
0 0.3838862559241706 0.4481725584182145 0.0995260663507109 0.04553624925104853
0 0.5592417061611374 0.4487717195925704 0.13744075829383887 0.04553624925104853
0 0.759083728278041 0.4221090473337328 0.1358609794628752 0.09886159376872379
0 0.1287519747235387 0.579388855602157 0.0947867298578199 0.03115638106650689
0 0.26303317535545023 0.5778909526662672 0.08530805687203791 0.03055721989215099
0 0.42180094786729855 0.5715997603355303 0.12954186413902052 0.04074295985620132
0 0.4127172195892575 0.6587777112043139 0.13981042654028436 0.09886159376872379
0 0.21761453396524486 0.6854403834631516 0.13981042654028436 0.041941282204913125
