0 0.16390205371248026 0.1518873576992211 0.060821484992101105 0.0341521869382864
0 0.2938388625592417 0.14469742360695026 0.10584518167456555 0.04254044337926902
0 0.4786729857819905 0.14110245656081485 0.1848341232227488 0.04373876572798083
0 0.6714060031595577 0.14080287597363692 0.18325434439178515 0.04433792690233673
0 0.1504739336492891 0.23037747153984423 0.052922590837282776 0.035350509286998205
0 0.2665876777251185 0.2237866986219293 0.054502369668246446 0.046135410425404436
0 0.43838862559241704 0.22618334331935291 0.10426540284360189 0.04254044337926902
0 0.60347551342812 0.22708208508088676 0.15639810426540285 0.041941282204913125
0 0.20497630331753555 0.3004793289394847 0.18404423380726698 0.04373876572798083
0 0.4099526066350711 0.2995805871779509 0.1848341232227488 0.04433792690233673
0 0.6011058451816745 0.304673457159976 0.13428120063191154 0.05811863391252247
0 0.7507898894154819 0.3073696824445776 0.15086887835703 0.05871779508687837
0 0.20458135860979462 0.3804673457159976 0.19273301737756715 0.04433792690233673
0 0.4411532385466035 0.3804673457159976 0.1966824644549763 0.04313960455362493
0 0.6244075829383886 0.3855602156980228 0.1334913112164297 0.08687837028160575
0 0.7136650868878357 0.3867585380467346 0.12243285939968404 0.08687837028160575
0 0.8076619273301737 0.4322947872977831 0.17772511848341233 0.08687837028160575
0 0.5533175355450237 0.45775913720790895 0.04976303317535545 0.04074295985620132
0 0.6188783570300158 0.45446375074895146 0.04660347551342812 0.040143798681845415
0 0.6666666666666666 0.5278609946075494 0.10584518167456555 0.05991611743559017
0 0.5315955766192733 0.5311563810665069 0.10584518167456555 0.05811863391252247
0 0.40047393364928907 0.5230677052127022 0.07109004739336493 0.039544637507489516
0 0.1583728278041074 0.5218693828639904 0.0655608214849921 0.029958058717795086
0 0.1994470774091627 0.4616536848412223 0.19826224328593997 0.029358897543439184
0 0.40837282780410744 0.45895745955662076 0.16903633491311215 0.02756141402037148
