0 0.27488151658767773 0.1824445775913721 0.18325434439178515 0.05572198921509886
0 0.2863349131121643 0.23337327741162373 0.19510268562401265 0.046135410425404436
0 0.2815955766192733 0.28400239664469745 0.18878357030015797 0.05871779508687837
0 0.2843601895734597 0.3376273217495506 0.19747235387045814 0.03894547633313361
0 0.2717219589257504 0.3906530856800479 0.17535545023696683 0.05751947273816657
0 0.2863349131121643 0.44427801078490115 0.1966824644549763 0.04134212103055722
0 0.2796208530805687 0.5032953864589574 0.18799368088467613 0.0683043738765728
0 0.278436018957346 0.5790892750149791 0.1872037914691943 0.07729179149191133
0 0.27764612954186413 0.6482923906530857 0.18088467614533965 0.05392450569203116
0 0.26579778830963663 0.7061114439784302 0.15876777251184834 0.06171360095865788
