0 0.7109004739336493 0.15278609946075494 0.0995260663507109 0.04074295985620132
0 0.6907582938388626 0.2504493708807669 0.04186413902053712 0.02037147992810066
0 0.6943127962085308 0.2771120431396046 0.053712480252764615 0.020970641102456562
0 0.6923380726698262 0.3037747153984422 0.05134281200631911 0.026363091671659677
0 0.6899684044233807 0.3313361294188137 0.05134281200631911 0.03115638106650689
0 0.6907582938388626 0.35440383463151587 0.052922590837282776 0.023367285799880167
0 0.6895734597156398 0.38615937687237867 0.05687203791469194 0.040143798681845415
0 0.6903633491311216 0.41881366087477534 0.05687203791469194 0.025164769322947873
0 0.6962875197472354 0.44367884961054527 0.052922590837282776 0.02456560814859197
0 0.6958925750394944 0.4664469742360695 0.052132701421800945 0.020970641102456562
0 0.6939178515007899 0.4922109047333733 0.04660347551342812 0.020970641102456562
0 0.6954976303317535 0.5218693828639904 0.04660347551342812 0.026363091671659677
0 0.6939178515007899 0.5506291192330737 0.052922590837282776 0.028759736369083286
0 0.6895734597156398 0.5769922109047334 0.03317535545023697 0.026363091671659677
0 0.6879936808846762 0.603355302576393 0.03317535545023697 0.026363091671659677
0 0.693127962085308 0.6333133612941881 0.0339652448657188 0.028759736369083286
0 0.6824644549763033 0.6620730976632714 0.03475513428120063 0.028759736369083286
0 0.6816745655608215 0.6908328340323547 0.03317535545023697 0.028759736369083286
0 0.6864139020537124 0.7162971839424805 0.04897314375987362 0.019772318753744758
0 0.6864139020537124 0.7417615338526063 0.045813586097946286 0.022768124625524265
