0 0.2693522906793049 0.152486518873577 0.15639810426540285 0.1372079089275015
0 0.4569510268562401 0.16626722588376275 0.2456556082148499 0.10005991611743559
0 0.6749605055292259 0.17345715997603356 0.25355450236966826 0.08687837028160575
0 0.5766192733017378 0.2872977831036549 0.15639810426540285 0.06171360095865788
0 0.2985781990521327 0.28999400838825645 0.1311216429699842 0.1006590772917915
0 0.2519747235387046 0.4838226482923907 0.0947867298578199 0.056920311563810666
0 0.40244865718799366 0.4823247453565009 0.0924170616113744 0.05392450569203116
0 0.518562401263823 0.4736369083283403 0.09557661927330173 0.10005991611743559
0 0.6875987361769352 0.4763331336129419 0.13033175355450236 0.09826243259436789
0 0.7239336492890995 0.5781905332534452 0.1287519747235387 0.09586578789694428
0 0.5687203791469194 0.591372079089275 0.13428120063191154 0.05512282804074296
0 0.41824644549763035 0.5862792091072498 0.13507109004739337 0.056920311563810666
0 0.396129541864139 0.6980227681246255 0.14770932069510267 0.10904733373277412
0 0.6378357030015798 0.7004194128220491 0.21090047393364927 0.0683043738765728
0 0.2772511848341232 0.5868783702816057 0.1311216429699842 0.05811863391252247
