0 0.6133491311216429 0.11623726782504494 0.1919431279620853 0.06710605152786099
0 0.8242496050552922 0.12133013780707011 0.18404423380726698 0.059316956261234274
0 0.7890995260663507 0.20521270221689636 0.15165876777251186 0.06171360095865788
0 0.6133491311216429 0.201318154583583 0.1919431279620853 0.0695026962252846
0 0.8258293838862559 0.28579988016776514 0.17772511848341233 0.0659077291791492
0 0.6330963665086887 0.28579988016776514 0.15876777251184834 0.0659077291791492
0 0.8179304897314376 0.3669862192929898 0.146129541864139 0.06530856800479329
0 0.6066350710900474 0.36758538046734573 0.13744075829383887 0.06171360095865788
0 0.7879146919431279 0.4487717195925704 0.146129541864139 0.06231276213301378
0 0.8234597156398105 0.5287597363690832 0.15086887835703 0.0713001797483523
0 0.6097946287519748 0.44667465548232477 0.14375987361769352 0.0677052127022169
0 0.6334913112164297 0.530257639304973 0.15007898894154817 0.06710605152786099
0 0.6133491311216429 0.6132414619532655 0.13665086887835703 0.06171360095865788
0 0.8021327014218009 0.6108448172558418 0.15086887835703 0.0677052127022169
0 0.8084518167456556 0.689035350509287 0.146129541864139 0.0659077291791492
0 0.6283570300157978 0.6899340922708209 0.13981042654028436 0.06291192330736968
0 0.6196682464454977 0.7678250449370881 0.15086887835703 0.0677052127022169
