0 0.24328593996840442 0.13810665068903535 0.13902053712480253 0.06291192330736968
0 0.41706161137440756 0.13870581186339126 0.13744075829383887 0.06411024565608149
0 0.5971563981042654 0.1372079089275015 0.13744075829383887 0.06351108448172559
0 0.7543443917851501 0.1324146195326543 0.1358609794628752 0.04913121629718394
0 0.48696682464454977 0.22049131216297185 0.19510268562401265 0.06470940683043738
0 0.7187993680884676 0.23277411623726782 0.20537124802527645 0.08807669263031756
0 0.5920221169036335 0.28400239664469745 0.04976303317535545 0.022768124625524265
0 0.5880726698262243 0.310964649490713 0.052922590837282776 0.02037147992810066
0 0.5853080568720379 0.33942480527261837 0.03317535545023697 0.020970641102456562
0 0.32898894154818326 0.30347513481126426 0.22037914691943128 0.08927501497902936
0 0.2792259083728278 0.21599760335530258 0.146129541864139 0.05092869982025165
