0 0.13072669826224328 0.3139604553624925 0.08925750394944708 0.022768124625524265
0 0.25118483412322273 0.29298981426003595 0.09320695102685624 0.028759736369083286
0 0.41311216429699843 0.31725584182145 0.14691943127962084 0.03055721989215099
0 0.2575039494470774 0.3978430197723188 0.14533965244865718 0.02756141402037148
0 0.3108214849921011 0.5332534451767525 0.1287519747235387 0.03115638106650689
0 0.5525276461295419 0.5278609946075494 0.13507109004739337 0.03115638106650689
0 0.688783570300158 0.4958058717795087 0.0995260663507109 0.02456560814859197
0 0.6504739336492891 0.6123427201917316 0.17140600315955765 0.039544637507489516
0 0.3499210110584518 0.6141402037147993 0.19115323854660346 0.041941282204913125
0 0.3246445497630332 0.7666267225883763 0.15323854660347552 0.028160575194727384
0 0.5762243285939969 0.7651288196524866 0.1524486571879937 0.029958058717795086
0 0.6374407582938388 0.8409227082085081 0.2132701421800948 0.03055721989215099
0 0.46524486571879936 0.8175554224086279 0.09004739336492891 0.023367285799880167
0 0.33175355450236965 0.8445176752546435 0.1627172195892575 0.029358897543439184
0 0.4660347551342812 0.9098262432594368 0.21011058451816744 0.02696225284601558
