0 0.1579778830963665 0.12702216896345117 0.13744075829383887 0.07549430796884363
0 0.39928909952606634 0.12312762133013781 0.160347551342812 0.08568004793289395
0 0.17298578199052134 0.23217495506291194 0.17377567140600317 0.07609346914319952
0 0.38191153238546605 0.2243858597962852 0.15718799368088468 0.07849011384062313
0 0.14139020537124802 0.3663870581186339 0.11532385466034754 0.05092869982025165
0 0.27290679304897314 0.3816656680647094 0.10979462875197472 0.033553025763930495
0 0.4178515007898894 0.37657279808268423 0.12796208530805686 0.04733373277411624
0 0.13704581358609794 0.5293588975434392 0.11137440758293839 0.048532055122828044
0 0.40639810426540285 0.5239664469742361 0.1018957345971564 0.04733373277411624
0 0.14218009478672985 0.5868783702816057 0.12164296998420221 0.03654883163571001
0 0.4206161137440758 0.5925704014379868 0.13191153238546605 0.04074295985620132
0 0.1283570300157978 0.6665668064709407 0.07661927330173776 0.06411024565608149
0 0.4202211690363349 0.664469742360695 0.11374407582938388 0.03714799281006591
