0 0.19391785150078988 0.1288196524865189 0.11769352290679305 0.046734571599760334
0 0.30963665086887837 0.1336129418813661 0.08688783570300158 0.03235470341521869
0 0.4158767772511848 0.13091671659676454 0.11137440758293839 0.03894547633313361
0 0.44273301737756715 0.2902935889754344 0.08293838862559241 0.04733373277411624
0 0.3558451816745656 0.29298981426003595 0.07977883096366509 0.04913121629718394
0 0.2626382306477093 0.2914919113241462 0.06872037914691943 0.046135410425404436
0 0.18996840442338073 0.2902935889754344 0.05766192733017377 0.046135410425404436
0 0.11571879936808846 0.28879568603954464 0.04976303317535545 0.04793289394847214
0 0.1382306477093207 0.4835230677052127 0.11690363349131122 0.05392450569203116
0 0.34083728278041076 0.4865188735769922 0.21721958925750395 0.05991611743559017
