0 0.2859399684044234 0.09257040143798682 0.1627172195892575 0.059316956261234274
0 0.4948657187993681 0.09137207908927501 0.19352290679304898 0.03654883163571001
0 0.70260663507109 0.09197124026363092 0.19352290679304898 0.0329538645895746
0 0.2942338072669826 0.17914919113241462 0.19036334913112163 0.05991611743559017
0 0.4830173775671406 0.1794487717195926 0.21248025276461296 0.07729179149191133
0 0.6844391785150079 0.18004793289394846 0.23143759873617692 0.07849011384062313
0 0.3333333333333333 0.2750149790293589 0.27014218009478674 0.08268424206111444
0 0.6402053712480252 0.26842420611144396 0.2930489731437599 0.07309766327142002
0 0.315955766192733 0.3621929298981426 0.22748815165876776 0.08088675853804674
0 0.5276461295418642 0.35769922109047336 0.17377567140600317 0.05392450569203116
0 0.712085308056872 0.3568004793289395 0.16666666666666666 0.05452366686638706
0 0.29265402843601895 0.4598562013181546 0.18246445497630331 0.08328340323547034
0 0.5134281200631912 0.4631515877771121 0.1943127962085308 0.06351108448172559
0 0.7065560821484992 0.4652486518873577 0.16982622432859398 0.059316956261234274
0 0.3882306477093207 0.572798082684242 0.1382306477093207 0.08388256440982625
0 0.6125592417061612 0.5698022768124625 0.13981042654028436 0.10784901138406232
