0 0.15679304897314375 0.4152186938286399 0.10347551342812006 0.08148591971240264
0 0.40916271721958924 0.41581785500299584 0.10426540284360189 0.08867585380467347
0 0.5533175355450237 0.42091072498502097 0.07819905213270142 0.07609346914319952
0 0.7527646129541864 0.4224086279209107 0.09320695102685624 0.07669263031755542
0 0.5596366508688784 0.5257639304973037 0.09399684044233807 0.07609346914319952
0 0.6729857819905213 0.5515278609946076 0.10268562401263823 0.040143798681845415
0 0.8274091627172195 0.5203714799281006 0.17772511848341233 0.07609346914319952
0 0.18048973143759872 0.5449370880766926 0.11769352290679305 0.04733373277411624
0 0.35821484992101105 0.5215698022768125 0.20774091627172195 0.07968843618933494
0 0.4976303317535545 0.7324745356500899 0.18325434439178515 0.06411024565608149
0 0.34083728278041076 0.81725584182145 0.09873617693522907 0.04913121629718394
0 0.45063191153238547 0.8175554224086279 0.08925750394944708 0.053325344517675254
0 0.5600315955766193 0.8178550029958059 0.0947867298578199 0.046734571599760334
0 0.6662717219589257 0.8187537447573398 0.09083728278041074 0.04973037747153985
0 0.27764612954186413 0.3996405032953865 0.06714060031595577 0.028759736369083286
