0 0.31516587677725116 0.13690832834032354 0.13744075829383887 0.06411024565608149
0 0.608214849921011 0.13750748951467945 0.11690363349131122 0.0665068903535051
0 0.7650078988941548 0.1366087477531456 0.13033175355450236 0.06470940683043738
0 0.6240126382306477 0.24595566207309766 0.14218009478672985 0.06171360095865788
0 0.7898894154818326 0.2384661473936489 0.13902053712480253 0.07908927501497903
0 0.6117693522906793 0.34002396644697425 0.12559241706161137 0.08088675853804674
0 0.8135860979462876 0.3403235470341522 0.11058451816745656 0.08028759736369083
0 0.3838862559241706 0.22917914919113241 0.08688783570300158 0.05092869982025165
0 0.2184044233807267 0.23487118034751348 0.16982622432859398 0.06351108448172559
0 0.37519747235387046 0.341521869382864 0.15007898894154817 0.06351108448172559
0 0.18996840442338073 0.3325344517675255 0.14928909952606634 0.08148591971240264
0 0.6117693522906793 0.5769922109047334 0.12243285939968404 0.0683043738765728
0 0.8147709320695102 0.5713001797483523 0.13033175355450236 0.08328340323547034
