0 0.12440758293838862 0.22887956860395448 0.07977883096366509 0.03115638106650689
0 0.1868088467614534 0.2067106051527861 0.052922590837282776 0.028759736369083286
0 0.2650078988941548 0.22408627920910726 0.0971563981042654 0.04433792690233673
0 0.3404423380726698 0.2037147992810066 0.05055292259083728 0.026363091671659677
0 0.4277251184834123 0.2207908927501498 0.11295418641390205 0.04973037747153985
0 0.42614533965244866 0.3037747153984422 0.11295418641390205 0.04793289394847214
0 0.1749605055292259 0.2953864589574596 0.1429699842022117 0.0659077291791492
0 0.3127962085308057 0.32654284002396644 0.06635071090047394 0.04433792690233673
0 0.3439968404423381 0.3669862192929898 0.04818325434439179 0.014979029358897543
0 0.31319115323854657 0.39724385859796285 0.06398104265402843 0.02037147992810066
0 0.17101105845181674 0.38795686039544636 0.1429699842022117 0.06530856800479329
0 0.2093206951026856 0.5814859197124026 0.05529225908372828 0.02696225284601558
0 0.32503949447077407 0.5766926303175555 0.05608214849921011 0.03654883163571001
0 0.44075829383886256 0.5775913720790893 0.05529225908372828 0.035949670461354104
0 0.6615323854660348 0.5772917914919113 0.07819905213270142 0.0341521869382864
0 0.24407582938388625 0.6165368484122229 0.05055292259083728 0.029958058717795086
0 0.24368088467614535 0.6414020371479928 0.05134281200631911 0.028160575194727384
0 0.23933649289099526 0.7417615338526063 0.061611374407582936 0.02756141402037148
0 0.23499210110584517 0.7666267225883763 0.054502369668246446 0.023367285799880167
0 0.35110584518167454 0.7177950868783703 0.052922590837282776 0.022768124625524265
0 0.3479462875197472 0.7360695026962253 0.04344391785150079 0.018573996405032954
0 0.34755134281200634 0.7570401437986819 0.044233807266982623 0.014979029358897543
0 0.4644549763033175 0.7615338526063511 0.053712480252764615 0.028759736369083286
0 0.48380726698262244 0.7288795686039545 0.09873617693522907 0.018573996405032954
0 0.46998420221169035 0.7067106051527862 0.08214849921011058 0.028160575194727384
0 0.2697472353870458 0.8472139005392451 0.04976303317535545 0.026363091671659677
0 0.1868088467614534 0.883762732174955 0.07503949447077408 0.03235470341521869
0 0.34873617693522907 0.884361893349311 0.08925750394944708 0.03834631515877771
0 0.5134281200631912 0.884361893349311 0.09004739336492891 0.039544637507489516
0 0.6619273301737757 0.8828639904134212 0.09162717219589257 0.040143798681845415
