0 0.2871248025276461 0.09436788496105453 0.10821484992101106 0.035350509286998205
0 0.532780410742496 0.09406830437387657 0.22669826224328593 0.06111443978430198
0 0.7282780410742496 0.0871779508687837 0.09320695102685624 0.04733373277411624
0 0.30015797788309634 0.20041941282204914 0.15955766192733017 0.04134212103055722
0 0.5292259083728278 0.18933493109646496 0.1406003159557662 0.08867585380467347
0 0.7255134281200631 0.18693828639904134 0.1240126382306477 0.0683043738765728
0 0.2859399684044234 0.3283403235470342 0.1769352290679305 0.05751947273816657
0 0.49447077409162715 0.33193529059316956 0.1895734597156398 0.04553624925104853
0 0.6994470774091627 0.32654284002396644 0.20300157977883096 0.05751947273816657
0 0.28988941548183256 0.4257040143798682 0.1769352290679305 0.07369682444577591
0 0.4814375987361769 0.41791491911324147 0.15086887835703 0.06411024565608149
0 0.7041864139020537 0.43199520671060515 0.19826224328593997 0.08388256440982625
0 0.3345181674565561 0.5323547034152187 0.2282780410742496 0.03774715398442181
0 0.6184834123222749 0.530557219892151 0.2353870458135861 0.07369682444577591
0 0.4881516587677725 0.6168364289994008 0.1943127962085308 0.06051527860994608
