0 0.15086887835703 0.16566806470940684 0.12480252764612954 0.08807669263031756
0 0.31990521327014215 0.1665668064709407 0.12322274881516587 0.08627920910724986
0 0.4782780410742496 0.16177351707609347 0.12717219589257503 0.09346914319952067
0 0.641785150078989 0.16117435590173756 0.16982622432859398 0.09346914319952067
0 0.8060821484992101 0.16327142001198322 0.1240126382306477 0.09286998202516478
0 0.811216429699842 0.29508687837028164 0.17061611374407581 0.09047333732774117
0 0.6425750394944708 0.29418813660874776 0.1524486571879937 0.09227082085080887
0 0.48933649289099523 0.2953864589574596 0.15086887835703 0.09466746554823248
0 0.344391785150079 0.2944877171959257 0.1627172195892575 0.09167165967645297
0 0.17101105845181674 0.3004793289394847 0.17140600315955765 0.08568004793289395
