0 0.29265402843601895 0.14619532654284004 0.14770932069510267 0.06470940683043738
0 0.6812796208530806 0.13870581186339126 0.15876777251184834 0.06890353505092871
0 0.28475513428120064 0.22618334331935291 0.15560821484992102 0.04973037747153985
0 0.6856240126382306 0.23547034152186938 0.18009478672985782 0.05512282804074296
0 0.7006319115323855 0.34511683642899943 0.1895734597156398 0.05512282804074296
0 0.2721169036334913 0.3391252246854404 0.09399684044233807 0.07789095266626722
0 0.2819905213270142 0.5356500898741762 0.2116903633491311 0.13421210305572198
0 0.5067140600315956 0.524266027561414 0.19510268562401265 0.07789095266626722
0 0.7219589257503949 0.5344517675254644 0.19273301737756715 0.12582384661473936
0 0.3293838862559242 0.6716596764529659 0.25118483412322273 0.11024565608148593
0 0.646129541864139 0.6671659676452966 0.27330173775671407 0.12043139604553625
