0 0.21524486571879936 0.6078490113840623 0.05766192733017377 0.0329538645895746
0 0.33767772511848343 0.609946075494308 0.04660347551342812 0.03235470341521869
0 0.15916271721958924 0.6665668064709407 0.14928909952606634 0.04254044337926902
0 0.1481042654028436 0.7142001198322349 0.04976303317535545 0.028759736369083286
0 0.15639810426540285 0.7663271420011983 0.08530805687203791 0.04433792690233673
0 0.3838862559241706 0.7031156381066507 0.20695102685624012 0.08328340323547034
0 0.29936808846761453 0.8196524865188736 0.16113744075829384 0.08388256440982625
0 0.5872827804107424 0.7447573397243858 0.08767772511848342 0.041941282204913125
0 0.5837282780410742 0.6995206710605153 0.05529225908372828 0.02696225284601558
0 0.5892575039494471 0.610245656081486 0.14691943127962084 0.04134212103055722
0 0.5837282780410742 0.6521869382863991 0.07898894154818326 0.029358897543439184
0 0.7942338072669826 0.6569802276812463 0.21879936808846762 0.08088675853804674
0 0.7436808846761453 0.7714200119832235 0.174565560821485 0.07968843618933494
