0 0.25908372827804105 0.1366087477531456 0.0631911532385466 0.07189934092270821
0 0.410347551342812 0.140203714799281 0.1066350710900474 0.07429598562013182
0 0.5671406003159558 0.1390053924505692 0.10110584518167456 0.07549430796884363
0 0.7187993680884676 0.13990413421210307 0.10268562401263823 0.07729179149191133
0 0.49249605055292256 0.28280407429598564 0.10979462875197472 0.07070101857399641
0 0.3380726698262243 0.4385859796285201 0.08846761453396525 0.05512282804074296
0 0.5620063191153238 0.438885560215698 0.14770932069510267 0.056920311563810666
0 0.7626382306477093 0.5257639304973037 0.18562401263823064 0.06171360095865788
0 0.46800947867298576 0.5338526063511084 0.22669826224328593 0.08268424206111444
0 0.19391785150078988 0.5164769322947873 0.10979462875197472 0.046734571599760334
0 0.4186413902053712 0.6473936488915518 0.22748815165876776 0.11563810665068903
0 0.7251184834123222 0.6375074895146795 0.18799368088467613 0.1018573996405033
