0 0.315955766192733 0.09766327142001198 0.08056872037914692 0.03834631515877771
0 0.4277251184834123 0.09976033553025764 0.09557661927330173 0.040143798681845415
0 0.674565560821485 0.09796285200718993 0.0947867298578199 0.04134212103055722
0 0.3009478672985782 0.1578789694427801 0.0995260663507109 0.03654883163571001
0 0.4447077409162717 0.15727980826842422 0.11058451816745656 0.04733373277411624
0 0.6220379146919431 0.15578190533253444 0.18088467614533965 0.06351108448172559
0 0.3617693522906793 0.22228879568603954 0.13428120063191154 0.06231276213301378
0 0.60347551342812 0.2237866986219293 0.13428120063191154 0.06051527860994608
0 0.12519747235387046 0.3367285799880168 0.08451816745655608 0.0347513481126423
0 0.25039494470774093 0.33702816057519475 0.08846761453396525 0.04493708807669263
0 0.419826224328594 0.33373277411623725 0.12559241706161137 0.05751947273816657
