0 0.20537124802527645 0.14409826243259438 0.18167456556082148 0.056920311563810666
0 0.6868088467614534 0.15008987417615338 0.14928909952606634 0.040143798681845415
0 0.17851500789889416 0.2543439185140803 0.12954186413902052 0.03654883163571001
0 0.34913112164297 0.25584182144997003 0.1358609794628752 0.046734571599760334
0 0.5651658767772512 0.2543439185140803 0.14928909952606634 0.03774715398442181
0 0.19549763033175355 0.3271420011983224 0.17298578199052134 0.04313960455362493
0 0.4510268562401264 0.3256440982624326 0.15481832543443919 0.035350509286998205
0 0.6429699842022116 0.3262432594367885 0.18009478672985782 0.03774715398442181
0 0.18799368088467613 0.4292989814260036 0.17377567140600317 0.046135410425404436
0 0.4364139020537125 0.4254044337926902 0.12559241706161137 0.052726183343319355
0 0.735781990521327 0.41581785500299584 0.3246445497630332 0.09826243259436789
