0 0.29739336492890994 0.11473936488915519 0.09557661927330173 0.05212702216896345
0 0.46050552922590837 0.11174355901737568 0.1943127962085308 0.09886159376872379
0 0.659952606635071 0.11803475134811264 0.13665086887835703 0.06351108448172559
0 0.3341232227488152 0.2360695026962253 0.15323854660347552 0.08388256440982625
0 0.6018957345971564 0.2342720191731576 0.31911532385466035 0.05991611743559017
0 0.30647709320695105 0.37777112043139605 0.11216429699842022 0.04973037747153985
0 0.48696682464454977 0.37597363690832836 0.15560821484992102 0.05811863391252247
0 0.6729857819905213 0.37477531455961655 0.15165876777251186 0.056920311563810666
0 0.5671406003159558 0.5224685440383463 0.10426540284360189 0.08268424206111444
0 0.7255134281200631 0.5479328939484721 0.03238546603475513 0.035350509286998205
0 0.7843601895734597 0.5434391851408029 0.02843601895734597 0.02756141402037148
0 0.8416271721958926 0.5467345715997604 0.04028436018957346 0.0329538645895746
0 0.8937598736176935 0.555122828040743 0.04186413902053712 0.046135410425404436
0 0.22274881516587677 0.8630916716596765 0.1627172195892575 0.0701018573996405
