0 0.2037914691943128 0.12312762133013781 0.1311216429699842 0.07369682444577591
0 0.410347551342812 0.12222887956860395 0.13191153238546605 0.07070101857399641
0 0.6011058451816745 0.1273217495506291 0.13270142180094788 0.08807669263031756
0 0.7800157977883097 0.12612342720191733 0.0924170616113744 0.08568004793289395
0 0.8013428120063191 0.21539844218094667 0.09399684044233807 0.07249850209706411
0 0.6192733017377567 0.2183942480527262 0.11216429699842022 0.09406830437387657
0 0.5248815165876777 0.18394248052726184 0.05766192733017377 0.029958058717795086
0 0.419826224328594 0.21360095865787898 0.11453396524486571 0.09646494907130018
0 0.20971563981042654 0.21390053924505692 0.11137440758293839 0.09586578789694428
0 0.391390205371248 0.3526063511084482 0.0924170616113744 0.09646494907130018
0 0.6145339652448657 0.35140802875973637 0.0947867298578199 0.1012582384661474
