0 0.2136650868878357 0.14349910125823848 0.08609794628751975 0.048532055122828044
0 0.5264612954186414 0.1324146195326543 0.11769352290679305 0.05751947273816657
0 0.712085308056872 0.13630916716596764 0.11453396524486571 0.056920311563810666
0 0.7010268562401264 0.2516476932294787 0.1018957345971564 0.06111443978430198
0 0.6998420221169036 0.35949670461354105 0.09636650868878358 0.05632115038945477
0 0.5225118483412322 0.25284601557819053 0.10031595576619273 0.05751947273816657
0 0.5213270142180094 0.35949670461354105 0.0995260663507109 0.05392450569203116
0 0.7571090047393365 0.4847213900539245 0.13665086887835703 0.06710605152786099
0 0.5525276461295419 0.48502097064110244 0.13981042654028436 0.0665068903535051
0 0.3566350710900474 0.4919113241461953 0.1382306477093207 0.05032953864589575
0 0.3645339652448657 0.3648891551827442 0.10031595576619273 0.04553624925104853
0 0.36492890995260663 0.25644098262432596 0.10268562401263823 0.04913121629718394
0 0.22195892575039494 0.2579388855602157 0.09794628751974724 0.048532055122828044
0 0.3811216429699842 0.665068903535051 0.13507109004739337 0.05871779508687837
0 0.2235387045813586 0.664469742360695 0.14691943127962084 0.06351108448172559
