0 0.18167456556082148 0.14529658478130617 0.14375987361769352 0.06890353505092871
0 0.3459715639810427 0.13031755542240864 0.09162717219589257 0.04254044337926902
0 0.47669826224328593 0.14979029358897544 0.1429699842022117 0.09466746554823248
0 0.6346761453396524 0.13121629718394248 0.0703001579778831 0.04074295985620132
0 0.7981832543443917 0.14739364889155182 0.179304897314376 0.09107249850209706
0 0.3048973143759874 0.26632714200119834 0.11058451816745656 0.09526662672258839
0 0.6492890995260664 0.2690233672857999 0.19115323854660346 0.11024565608148593
0 0.4040284360189573 0.4550629119233074 0.07345971563981042 0.08807669263031756
0 0.1749605055292259 0.4598562013181546 0.08925750394944708 0.06411024565608149
0 0.30252764612954186 0.47783103654883163 0.05687203791469194 0.023367285799880167
0 0.20971563981042654 0.5644098262432594 0.09083728278041074 0.08987417615338526
0 0.37756714060031593 0.5629119233073697 0.16113744075829384 0.10844817255841822
0 0.12519747235387046 0.7339724385859796 0.08451816745655608 0.06111443978430198
0 0.2638230647709321 0.7414619532654284 0.08688783570300158 0.08807669263031756
0 0.4154818325434439 0.7405632115038946 0.11848341232227488 0.08987417615338526
