0 0.2859399684044234 0.1360095865787897 0.06477093206951026 0.06470940683043738
0 0.3518957345971564 0.14200119832234873 0.038704581358609796 0.03834631515877771
0 0.4565560821484992 0.13001797483523067 0.07898894154818326 0.04913121629718394
0 0.5671406003159558 0.13391252246854404 0.07740916271721959 0.04973037747153985
0 0.693522906793049 0.13331336129418814 0.07740916271721959 0.048532055122828044
0 0.33372827804107424 0.22049131216297185 0.07977883096366509 0.046734571599760334
0 0.5007898894154819 0.23037747153984423 0.11848341232227488 0.08328340323547034
0 0.4932859399684044 0.3466147393648892 0.12085308056872038 0.08208508088675855
0 0.674565560821485 0.34511683642899943 0.11532385466034754 0.08747753145596165
0 0.665481832543444 0.4616536848412223 0.11769352290679305 0.07968843618933494
0 0.48696682464454977 0.45865787896944277 0.10031595576619273 0.05452366686638706
0 0.32898894154818326 0.4610545236668664 0.1018957345971564 0.053325344517675254
