0 0.2819905213270142 0.17735170760934693 0.12164296998420221 0.11863391252246855
0 0.7152448657187993 0.1743559017375674 0.10979462875197472 0.11024565608148593
0 0.19273301737756715 0.27860994607549433 0.036334913112164295 0.022768124625524265
0 0.19312796208530805 0.2995805871779509 0.04660347551342812 0.019173157579388856
0 0.19273301737756715 0.3220491312162972 0.045813586097946286 0.02696225284601558
0 0.19273301737756715 0.3466147393648892 0.036334913112164295 0.022168963451168366
0 0.19233807266982622 0.36848412222887955 0.03712480252764613 0.021569802276812464
0 0.19312796208530805 0.3933493109646495 0.038704581358609796 0.028160575194727384
0 0.6236176935229067 0.27561414020371483 0.0339652448657188 0.021569802276812464
0 0.6248025276461295 0.2956860395446375 0.04897314375987362 0.019772318753744758
0 0.6248025276461295 0.31935290593169563 0.04739336492890995 0.026363091671659677
0 0.6248025276461295 0.3439185140802876 0.037914691943127965 0.021569802276812464
0 0.6259873617693523 0.3651887357699221 0.035545023696682464 0.020970641102456562
0 0.6244075829383886 0.38885560215698023 0.03712480252764613 0.02756141402037148
