0 0.23617693522906794 0.10695026962252846 0.19589257503949448 0.09047333732774117
0 0.3981042654028436 0.10695026962252846 0.1943127962085308 0.09047333732774117
0 0.5683254344391785 0.10844817255841822 0.1919431279620853 0.09346914319952067
0 0.7614533965244865 0.10635110844817255 0.19747235387045814 0.09167165967645297
0 0.2910742496050553 0.2732174955062912 0.12085308056872038 0.07189934092270821
0 0.235781990521327 0.3915518274415818 0.11453396524486571 0.040143798681845415
0 0.23499210110584517 0.42780107849011384 0.11295418641390205 0.02037147992810066
0 0.23459715639810427 0.4631515877771121 0.09162717219589257 0.039544637507489516
0 0.2377567140600316 0.5050928699820252 0.0947867298578199 0.039544637507489516
0 0.23617693522906794 0.5470341521869383 0.09004739336492891 0.04074295985620132
0 0.23420221169036334 0.591372079089275 0.07977883096366509 0.03714799281006591
