0 0.22195892575039494 0.1396045536249251 0.14218009478672985 0.06470940683043738
0 0.5027646129541864 0.1396045536249251 0.17772511848341233 0.06111443978430198
0 0.7515797788309636 0.1366087477531456 0.1524486571879937 0.06470940683043738
0 0.8001579778830964 0.2249850209706411 0.14375987361769352 0.06291192330736968
0 0.5193522906793049 0.22768124625524266 0.15560821484992102 0.06351108448172559
0 0.2934439178515008 0.22708208508088676 0.15560821484992102 0.06111443978430198
0 0.23222748815165875 0.43918514080287596 0.0995260663507109 0.04433792690233673
0 0.3518957345971564 0.44008388256440983 0.09399684044233807 0.04254044337926902
0 0.4735387045813586 0.43409227082085083 0.12717219589257503 0.03774715398442181
0 0.6275671406003159 0.451168364289994 0.15402843601895735 0.06351108448172559
0 0.7673775671406003 0.44307968843618933 0.1018957345971564 0.048532055122828044
