0 0.46327014218009477 0.11114439784301977 0.05924170616113744 0.03894547633313361
0 0.6121642969984202 0.11414020371479928 0.07266982622432859 0.0329538645895746
0 0.764218009478673 0.11294188136608747 0.08609794628751975 0.040143798681845415
0 0.2677725118483412 0.2237866986219293 0.05687203791469194 0.040143798681845415
0 0.24486571879936808 0.2639304973037747 0.10268562401263823 0.03654883163571001
0 0.24921011058451817 0.304673457159976 0.0971563981042654 0.03894547633313361
0 0.27804107424960506 0.11084481725584182 0.16113744075829384 0.04913121629718394
0 0.6038704581358609 0.41671659676452966 0.15086887835703 0.048532055122828044
0 0.8195102685624013 0.4170161773517076 0.16350710900473933 0.04793289394847214
0 0.6958925750394944 0.49370880766926306 0.16587677725118483 0.04553624925104853
