0 0.11571879936808846 0.3975434391851408 0.060821484992101105 0.05092869982025165
0 0.25118483412322273 0.3933493109646495 0.0679304897314376 0.056920311563810666
0 0.3858609794628752 0.3939484721390054 0.06398104265402843 0.05452366686638706
0 0.4233807266982622 0.4868184541641702 0.06477093206951026 0.06051527860994608
0 0.2859399684044234 0.48202516476932294 0.06477093206951026 0.07729179149191133
0 0.14533965244865718 0.4781306171360096 0.05845181674565561 0.0695026962252846
0 0.1066350710900474 0.5065907729179149 0.037914691943127965 0.028160575194727384
0 0.2638230647709321 0.6635710005991612 0.13744075829383887 0.0701018573996405
0 0.5106635071090048 0.6668663870581186 0.13507109004739337 0.09706411024565609
0 0.7223538704581358 0.6635710005991612 0.13507109004739337 0.08568004793289395
0 0.7278830963665087 0.8217495506291193 0.13665086887835703 0.13001797483523067
0 0.48578199052132703 0.8154583582983823 0.13744075829383887 0.08747753145596165
0 0.2693522906793049 0.8127621330137808 0.1358609794628752 0.1348112642300779
