0 0.23854660347551343 0.14080287597363692 0.08530805687203791 0.04553624925104853
0 0.3791469194312796 0.14679448771719594 0.11690363349131122 0.04433792690233673
0 0.3736176935229068 0.2055122828040743 0.08688783570300158 0.04313960455362493
0 0.24328593996840442 0.2091072498502097 0.09004739336492891 0.046734571599760334
0 0.29265402843601895 0.2666267225883763 0.19352290679304898 0.05751947273816657
0 0.5205371248025277 0.2711204313960455 0.18799368088467613 0.059316956261234274
0 0.5233017377567141 0.18274415817855003 0.1966824644549763 0.05871779508687837
0 0.6986571879936809 0.17855002995805871 0.18088467614533965 0.05871779508687837
0 0.7006319115323855 0.2690233672857999 0.19115323854660346 0.05751947273816657
0 0.6939178515007899 0.3639904134212103 0.17298578199052134 0.08807669263031756
0 0.5197472353870458 0.3738765727980827 0.16903633491311215 0.07070101857399641
0 0.5059241706161137 0.46794487717195926 0.14454976303317535 0.09107249850209706
