0 0.28870458135860977 0.1201318154583583 0.1429699842022117 0.07609346914319952
0 0.3637440758293839 0.20880766926303176 0.04186413902053712 0.029358897543439184
0 0.36295418641390204 0.2396644697423607 0.04028436018957346 0.025164769322947873
0 0.3597946287519747 0.2660275614140204 0.03238546603475513 0.022768124625524265
0 0.3590047393364929 0.2923906530856801 0.030805687203791468 0.025164769322947873
0 0.36334913112164297 0.3208508088675854 0.03949447077409163 0.028160575194727384
0 0.36295418641390204 0.3499101258238466 0.03712480252764613 0.025164769322947873
0 0.3590047393364929 0.37717195925704017 0.03238546603475513 0.025763930497303775
0 0.36729857819905215 0.40952666267225885 0.03949447077409163 0.028160575194727384
0 0.36334913112164297 0.43828639904134215 0.03949447077409163 0.02456560814859197
0 0.3597946287519747 0.46494907130017976 0.0339652448657188 0.025164769322947873
0 0.36334913112164297 0.5074895146794488 0.04107424960505529 0.028759736369083286
0 0.3645339652448657 0.5500299580587178 0.04028436018957346 0.028759736369083286
0 0.283175355450237 0.548831635710006 0.04660347551342812 0.02396644697423607
