0 0.18601895734597157 0.11084481725584182 0.07819905213270142 0.04793289394847214
0 0.296998420221169 0.11324146195326543 0.10742496050552923 0.04793289394847214
0 0.4569510268562401 0.11773517076093469 0.09083728278041074 0.06530856800479329
0 0.6232227488151658 0.11683642899940085 0.12322274881516587 0.06470940683043738
0 0.7784360189573459 0.1183343319352906 0.10979462875197472 0.0677052127022169
0 0.34083728278041076 0.2762133013780707 0.0924170616113744 0.06351108448172559
0 0.5055292259083728 0.27591372079089277 0.09320695102685624 0.0713001797483523
0 0.6587677725118484 0.31845416417016176 0.04739336492890995 0.035350509286998205
0 0.7638230647709321 0.31875374475733975 0.045813586097946286 0.03714799281006591
0 0.17890995260663506 0.4676452965847813 0.1066350710900474 0.05092869982025165
0 0.32977883096366506 0.46375074895146795 0.08609794628751975 0.046734571599760334
0 0.674565560821485 0.4664469742360695 0.09794628751974724 0.06411024565608149
0 0.8226698262243286 0.4643499101258239 0.0971563981042654 0.06470940683043738
0 0.24881516587677724 0.7411623726782505 0.11848341232227488 0.07669263031755542
0 0.42417061611374407 0.7432594367884962 0.10584518167456555 0.0677052127022169
0 0.580173775671406 0.7342720191731575 0.11769352290679305 0.08927501497902936
0 0.7488151658767772 0.7840023966446974 0.05055292259083728 0.03774715398442181
0 0.7488151658767772 0.8259436788496106 0.04739336492890995 0.035350509286998205
