0 0.23499210110584517 0.12642300778909527 0.06240126382306477 0.035949670461354104
0 0.36097946287519744 0.12162971839424805 0.053712480252764615 0.033553025763930495
0 0.5651658767772512 0.12372678250449372 0.13191153238546605 0.035350509286998205
0 0.7290679304897314 0.1201318154583583 0.11216429699842022 0.03654883163571001
0 0.5908372827804107 0.22168963451168364 0.15639810426540285 0.07189934092270821
0 0.5912322274881516 0.2890952666267226 0.1382306477093207 0.046135410425404436
0 0.5588467614533965 0.3517076093469143 0.07345971563981042 0.035949670461354104
0 0.5813586097946287 0.39005392450569204 0.12322274881516587 0.04074295985620132
0 0.5781990521327014 0.4379868184541642 0.12164296998420221 0.04313960455362493
0 0.36058451816745657 0.3271420011983224 0.1429699842022117 0.039544637507489516
0 0.28001579778830965 0.5632115038945477 0.19352290679304898 0.04433792690233673
0 0.3392575039494471 0.6396045536249251 0.14454976303317535 0.04254044337926902
0 0.2033965244865719 0.633912522468544 0.08609794628751975 0.029958058717795086
