0 0.18641390205371247 0.140203714799281 0.1311216429699842 0.0695026962252846
0 0.358609794628752 0.15967645296584781 0.17061611374407581 0.10724985020970641
0 0.33886255924170616 0.29718394248052726 0.1263823064770932 0.07070101857399641
0 0.18878357030015797 0.2965847813061714 0.1263823064770932 0.06470940683043738
0 0.2377567140600316 0.6153385260635111 0.11690363349131122 0.05152786099460755
0 0.43759873617693523 0.6111443978430198 0.1263823064770932 0.06231276213301378
0 0.6220379146919431 0.6075494307968844 0.15718799368088468 0.06470940683043738
0 0.7847551342812006 0.6060515278609946 0.12717219589257503 0.0665068903535051
0 0.8104265402843602 0.719592570401438 0.1848341232227488 0.0659077291791492
0 0.617693522906793 0.7210904733373278 0.14533965244865718 0.0701018573996405
0 0.4296998420221169 0.7219892150988616 0.10426540284360189 0.05152786099460755
0 0.27488151658767773 0.7231875374475734 0.09004739336492891 0.05032953864589575
0 0.31121642969984203 0.8079688436189335 0.12954186413902052 0.06530856800479329
0 0.14770932069510267 0.8127621330137808 0.10426540284360189 0.05572198921509886
0 0.14968404423380727 0.7189934092270821 0.07503949447077408 0.04553624925104853
