0 0.3080568720379147 0.14080287597363692 0.12006319115323855 0.033553025763930495
0 0.4928909952606635 0.14230077890952667 0.13744075829383887 0.03055721989215099
0 0.6856240126382306 0.1348112642300779 0.12954186413902052 0.05871779508687837
0 0.35031595576619273 0.25823846614739365 0.1018957345971564 0.04793289394847214
0 0.27093206951026855 0.3864589574595566 0.07582938388625593 0.18573996405032955
0 0.3937598736176935 0.3816656680647094 0.14454976303317535 0.18214499700419412
0 0.5272511848341233 0.3804673457159976 0.1240126382306477 0.18454164170161774
0 0.6891785150078988 0.38076692630317555 0.19036334913112163 0.18394248052726184
0 0.38191153238546605 0.5158777711204314 0.16666666666666666 0.021569802276812464
0 0.38941548183254343 0.549131216297184 0.16587677725118483 0.01737567405632115
0 0.6287519747235387 0.5368484122228879 0.15639810426540285 0.07309766327142002
0 0.6208530805687204 0.6569802276812463 0.18641390205371247 0.07249850209706411
0 0.38467614533965244 0.6554823247453565 0.18167456556082148 0.08028759736369083
