0 0.5225118483412322 0.14439784301977232 0.12717219589257503 0.08268424206111444
0 0.1725908372827804 0.23097663271420013 0.13507109004739337 0.03894547633313361
0 0.32424960505529227 0.23187537447573398 0.13981042654028436 0.039544637507489516
0 0.47669826224328593 0.2402636309167166 0.15086887835703 0.05632115038945477
0 0.6615323854660348 0.25014979029358897 0.20616113744075829 0.07729179149191133
0 0.8179304897314376 0.2537447573397244 0.146129541864139 0.06530856800479329
0 0.8191153238546603 0.3283403235470342 0.15955766192733017 0.0683043738765728
0 0.6240126382306477 0.3334331935290593 0.21800947867298578 0.09886159376872379
0 0.40047393364928907 0.3043738765727981 0.2259083728278041 0.07789095266626722
0 0.21287519747235387 0.3073696824445776 0.22037914691943128 0.08627920910724986
0 0.18759873617693523 0.3732774116237268 0.146129541864139 0.0695026962252846
0 0.3744075829383886 0.3762732174955063 0.19589257503949448 0.04074295985620132
0 0.5675355450236966 0.3744757339724386 0.15718799368088468 0.03834631515877771
0 0.7657977883096366 0.3855602156980228 0.15402843601895735 0.05092869982025165
0 0.7812006319115323 0.44637507489514683 0.2132701421800948 0.09586578789694428
0 0.5999210110584519 0.4397843019772319 0.13191153238546605 0.05632115038945477
0 0.42377567140600314 0.44667465548232477 0.22669826224328593 0.09047333732774117
0 0.2132701421800948 0.4520671060515279 0.2211690363349131 0.08687837028160575
0 0.2132701421800948 0.542840023966447 0.2116903633491311 0.09706411024565609
0 0.43364928909952605 0.5338526063511084 0.15323854660347552 0.035949670461354104
0 0.6785150078988942 0.5269622528460156 0.2622432859399684 0.08807669263031756
0 0.7610584518167457 0.6117435590173756 0.17298578199052134 0.08987417615338526
0 0.5268562401263823 0.622228879568604 0.21642969984202212 0.08927501497902936
0 0.2725118483412322 0.6261234272019174 0.28751974723538704 0.09107249850209706
0 0.24605055292259084 0.6896345116836429 0.2282780410742496 0.08867585380467347
0 0.471563981042654 0.695626123427202 0.11848341232227488 0.03834631515877771
0 0.7041864139020537 0.6935290593169563 0.2646129541864139 0.056920311563810666
