0 0.13783570300157977 0.14379868184541642 0.11611374407582938 0.04553624925104853
0 0.3495260663507109 0.14949071300179748 0.25355450236966826 0.06171360095865788
0 0.35031595576619273 0.23097663271420013 0.25039494470774093 0.0665068903535051
0 0.768957345971564 0.1482923906530857 0.29936808846761453 0.08448172558418214
0 0.7701421800947867 0.2513481126423008 0.29541864139020535 0.08568004793289395
0 0.8649289099526066 0.40353505092869985 0.10426540284360189 0.04973037747153985
0 0.7085308056872038 0.40443379269023366 0.10426540284360189 0.05632115038945477
0 0.5521327014218009 0.40353505092869985 0.08372827804107424 0.05092869982025165
0 0.7069510268562401 0.4838226482923907 0.10426540284360189 0.05092869982025165
0 0.4344391785150079 0.518573996405033 0.09162717219589257 0.03654883163571001
0 0.24644549763033174 0.5131815458358299 0.06951026856240126 0.02696225284601558
0 0.1338862559241706 0.5146794487717196 0.10347551342812006 0.02756141402037148
0 0.13704581358609794 0.3921509886159377 0.12085308056872038 0.048532055122828044
0 0.3522906793048973 0.39934092270820853 0.24644549763033174 0.0677052127022169
0 0.3546603475513428 0.3181545835829838 0.2401263823064771 0.0683043738765728
0 0.14257503949447078 0.30826842420611145 0.10979462875197472 0.046135410425404436
0 0.4300947867298578 0.6264230077890953 0.10821484992101106 0.05212702216896345
0 0.20695102685624012 0.634212103055722 0.2527646129541864 0.0701018573996405
