0 0.2910742496050553 0.1506890353505093 0.15876777251184834 0.11923307369682445
0 0.12993680884676145 0.46255242660275614 0.10031595576619273 0.11503894547633314
0 0.36729857819905215 0.45236668663870583 0.18325434439178515 0.11264230077890953
0 0.688783570300158 0.14649490713001798 0.044233807266982623 0.03774715398442181
0 0.6875987361769352 0.18154583582983824 0.06714060031595577 0.02756141402037148
0 0.6899684044233807 0.21659676452965848 0.05924170616113744 0.0341521869382864
0 0.6875987361769352 0.26333133612941884 0.08135860979462875 0.04493708807669263
0 0.6875987361769352 0.32354703415218694 0.06872037914691943 0.05751947273816657
0 0.6879936808846762 0.37417615338526067 0.06635071090047394 0.0341521869382864
0 0.6903633491311216 0.41461953265428403 0.09004739336492891 0.03714799281006591
0 0.6860189573459715 0.4517675254643499 0.0655608214849921 0.026363091671659677
0 0.6875987361769352 0.48532055122828044 0.10821484992101106 0.029958058717795086
0 0.6868088467614534 0.518274415817855 0.04818325434439179 0.026363091671659677
0 0.6875987361769352 0.5566207309766327 0.1066350710900474 0.04433792690233673
