0 0.4158767772511848 0.16626722588376275 0.1919431279620853 0.12282804074295986
0 0.6054502369668247 0.16237267825044938 0.15402843601895735 0.07309766327142002
0 0.14415481832543445 0.5895745955662073 0.1287519747235387 0.06710605152786099
0 0.28278041074249605 0.5901737567405633 0.12322274881516587 0.0659077291791492
0 0.4233807266982622 0.591372079089275 0.1263823064770932 0.06470940683043738
0 0.6003159557661927 0.6021569802276813 0.10584518167456555 0.04313960455362493
0 0.7677725118483412 0.604254044337927 0.11532385466034754 0.04733373277411624
0 0.6469194312796208 0.6836428999400839 0.12164296998420221 0.041941282204913125
0 0.7973933649289099 0.6797483523067706 0.1018957345971564 0.0701018573996405
0 0.7278830963665087 0.8010784901138407 0.16350710900473933 0.06710605152786099
