0 0.2890995260663507 0.14679448771719594 0.13270142180094788 0.10545236668663871
0 0.7227488151658767 0.14649490713001798 0.1263823064770932 0.10365488316357101
0 0.23262243285939968 0.2732174955062912 0.05924170616113744 0.02396644697423607
0 0.2424960505529226 0.310964649490713 0.07582938388625593 0.02756141402037148
0 0.24842022116903634 0.3487118034751348 0.08767772511848342 0.02756141402037148
0 0.24486571879936808 0.3867585380467346 0.08056872037914692 0.03055721989215099
0 0.25039494470774093 0.4254044337926902 0.09320695102685624 0.033553025763930495
0 0.25118483412322273 0.4631515877771121 0.09320695102685624 0.028759736369083286
0 0.2527646129541864 0.4988016776512882 0.09636650868878358 0.029358897543439184
0 0.24486571879936808 0.5359496704613541 0.08372827804107424 0.018573996405032954
0 0.24447077409162718 0.5707010185739965 0.07977883096366509 0.028160575194727384
0 0.2377567140600316 0.6072498502097065 0.06951026856240126 0.02456560814859197
0 0.22985781990521326 0.6437986818454164 0.05529225908372828 0.028160575194727384
0 0.22946287519747235 0.6815458358298382 0.052922590837282776 0.025763930497303775
0 0.6552132701421801 0.4601557819053326 0.04976303317535545 0.03115638106650689
0 0.6528436018957345 0.274116237267825 0.05924170616113744 0.02456560814859197
0 0.22906793048973143 0.7207908927501498 0.052132701421800945 0.029958058717795086
0 0.5355450236966824 0.6129418813660875 0.03949447077409163 0.05991611743559017
0 0.6872037914691943 0.6129418813660875 0.11690363349131122 0.08388256440982625
0 0.8593996840442338 0.6129418813660875 0.11374407582938388 0.07908927501497903
