0 0.46248025276461296 0.12222887956860395 0.10979462875197472 0.03834631515877771
0 0.32701421800947866 0.23636908328340325 0.06951026856240126 0.03654883163571001
0 0.4277251184834123 0.2384661473936489 0.06872037914691943 0.04553624925104853
0 0.429304897314376 0.2902935889754344 0.06714060031595577 0.046135410425404436
0 0.42851500789889413 0.34242061114439787 0.06714060031595577 0.04493708807669263
0 0.3278041074249605 0.3391252246854404 0.052132701421800945 0.03714799281006591
0 0.3278041074249605 0.28879568603954464 0.05055292259083728 0.0347513481126423
0 0.32661927330173773 0.3936488915518275 0.04818325434439179 0.04913121629718394
0 0.42812006319115326 0.39484721390053923 0.06951026856240126 0.04553624925104853
0 0.42812006319115326 0.4481725584182145 0.0679304897314376 0.04553624925104853
0 0.3285939968404423 0.44727381665668065 0.0679304897314376 0.03774715398442181
0 0.32661927330173773 0.4994008388256441 0.05134281200631911 0.03654883163571001
0 0.42890995260663506 0.5005991611743559 0.0679304897314376 0.04373876572798083
0 0.42812006319115326 0.5530257639304973 0.0679304897314376 0.04313960455362493
0 0.32898894154818326 0.5515278609946076 0.07187993680884676 0.0329538645895746
0 0.32622432859399686 0.604254044337927 0.09004739336492891 0.040143798681845415
0 0.42812006319115326 0.604254044337927 0.06951026856240126 0.04493708807669263
0 0.42890995260663506 0.6569802276812463 0.0679304897314376 0.04373876572798083
0 0.32977883096366506 0.6539844218094668 0.07345971563981042 0.03774715398442181
0 0.32582938388625593 0.707309766327142 0.07819905213270142 0.03894547633313361
0 0.429304897314376 0.7082085080886759 0.0703001579778831 0.04553624925104853
0 0.42890995260663506 0.7606351108448173 0.0679304897314376 0.04493708807669263
0 0.42890995260663506 0.8124625524266028 0.0679304897314376 0.046734571599760334
0 0.4277251184834123 0.8642899940083882 0.0703001579778831 0.04373876572798083
0 0.3278041074249605 0.8627920910724985 0.07740916271721959 0.039544637507489516
0 0.3281990521327014 0.8100659077291792 0.07977883096366509 0.03834631515877771
0 0.3278041074249605 0.7591372079089275 0.0631911532385466 0.03714799281006591
