0 0.28278041074249605 0.13571000599161176 0.0995260663507109 0.05811863391252247
0 0.22077409162717218 0.23876572798082685 0.04028436018957346 0.018573996405032954
0 0.26579778830963663 0.23876572798082685 0.03238546603475513 0.020970641102456562
0 0.22037914691943128 0.26333133612941884 0.036334913112164295 0.016177351707609346
0 0.26619273301737756 0.26452965847813065 0.03317535545023697 0.020970641102456562
0 0.21998420221169035 0.2914919113241462 0.03712480252764613 0.018573996405032954
0 0.26579778830963663 0.29119233073696826 0.03238546603475513 0.022768124625524265
0 0.22037914691943128 0.3211503894547633 0.037914691943127965 0.017974835230677052
0 0.27014218009478674 0.3208508088675854 0.044233807266982623 0.023367285799880167
0 0.22037914691943128 0.3517076093469143 0.036334913112164295 0.016776512881965248
0 0.2697472353870458 0.35020970641102456 0.04344391785150079 0.022168963451168366
0 0.2255134281200632 0.37986818454164173 0.026066350710900472 0.02037147992810066
0 0.2685624012638231 0.37896944278010786 0.044233807266982623 0.022168963451168366
0 0.21958925750394945 0.4074295985620132 0.042654028436018954 0.02037147992810066
0 0.26342812006319116 0.408627920910725 0.030805687203791468 0.02037147992810066
0 0.21998420221169035 0.4346914319952067 0.04186413902053712 0.020970641102456562
0 0.26303317535545023 0.4346914319952067 0.03317535545023697 0.020970641102456562
0 0.21998420221169035 0.4622528460155782 0.04186413902053712 0.019772318753744758
0 0.26342812006319116 0.4622528460155782 0.029225908372827805 0.023367285799880167
0 0.22037914691943128 0.4910125823846615 0.04107424960505529 0.020970641102456562
0 0.27014218009478674 0.4916117435590174 0.044233807266982623 0.022168963451168366
0 0.21958925750394945 0.5212702216896345 0.042654028436018954 0.021569802276812464
0 0.2697472353870458 0.5218693828639904 0.04344391785150079 0.022768124625524265
0 0.21919431279620852 0.5539245056920312 0.04818325434439179 0.023367285799880167
0 0.26895734597156395 0.5530257639304973 0.04344391785150079 0.022768124625524265
0 0.5548973143759873 0.5311563810665069 0.06714060031595577 0.048532055122828044
0 0.5521327014218009 0.6000599161174356 0.06951026856240126 0.03654883163571001
0 0.5576619273301737 0.6560814859197124 0.07898894154818326 0.03834631515877771
