0 0.3467614533965245 0.10455362492510485 0.2116903633491311 0.046135410425404436
0 0.627172195892575 0.11683642899940085 0.25434439178515006 0.0695026962252846
0 0.6279620853080569 0.21509886159376873 0.11216429699842022 0.10784901138406232
0 0.6283570300157978 0.3199520671060515 0.22985781990521326 0.0659077291791492
0 0.6275671406003159 0.40443379269023366 0.23143759873617692 0.0695026962252846
0 0.3637440758293839 0.19562612342720193 0.23933649289099526 0.07489514679448772
0 0.3432069510268562 0.2762133013780707 0.19352290679304898 0.04913121629718394
0 0.3696682464454976 0.3433193529059317 0.2527646129541864 0.07908927501497903
0 0.35545023696682465 0.4355901737567406 0.21958925750394945 0.08867585380467347
0 0.5880726698262243 0.48412222887956863 0.15086887835703 0.06111443978430198
0 0.6832543443917851 0.5623127621330138 0.12480252764612954 0.03654883163571001
0 0.5410742496050552 0.5602156980227682 0.0995260663507109 0.035949670461354104
0 0.35624012638230645 0.5332534451767525 0.22274881516587677 0.07669263031755542
0 0.3522906793048973 0.6267225883762733 0.2116903633491311 0.0659077291791492
0 0.6259873617693523 0.6285200718993409 0.1429699842022117 0.04313960455362493
0 0.6804897314375987 0.7405632115038946 0.26303317535545023 0.07070101857399641
0 0.6544233807266983 0.8388256440982624 0.21090047393364927 0.06470940683043738
