0 0.2962085308056872 0.07729179149191133 0.10584518167456555 0.03235470341521869
0 0.47393364928909953 0.07849011384062313 0.0995260663507109 0.033553025763930495
0 0.6793048973143759 0.07579388855602157 0.1358609794628752 0.029358897543439184
0 0.3041074249605055 0.16536848412222888 0.16429699842022116 0.04313960455362493
0 0.5225118483412322 0.16686638705811863 0.13981042654028436 0.06411024565608149
0 0.7030015797788309 0.15757938885560216 0.08846761453396525 0.052726183343319355
0 0.36729857819905215 0.2884961054523667 0.18009478672985782 0.06051527860994608
0 0.6232227488151658 0.2831036548831636 0.15323854660347552 0.053325344517675254
0 0.31121642969984203 0.37597363690832836 0.20853080568720378 0.04973037747153985
0 0.518562401263823 0.37597363690832836 0.16824644549763032 0.06291192330736968
0 0.7191943127962085 0.37597363690832836 0.15560821484992102 0.03774715398442181
0 0.35308056872037913 0.4685440383463152 0.15323854660347552 0.04074295985620132
0 0.5979462875197472 0.4640503295386459 0.1943127962085308 0.04973037747153985
