0 0.30529225908372826 0.1683642899940084 0.08609794628751975 0.04433792690233673
0 0.4221958925750395 0.1713600958657879 0.08135860979462875 0.05392450569203116
0 0.419826224328594 0.23247453565008988 0.08293838862559241 0.05512282804074296
0 0.30450236966824645 0.23217495506291194 0.09399684044233807 0.04373876572798083
0 0.30450236966824645 0.29119233073696826 0.10347551342812006 0.04313960455362493
0 0.42180094786729855 0.2932893948472139 0.08056872037914692 0.05212702216896345
0 0.4265402843601896 0.34721390053924506 0.07740916271721959 0.05092869982025165
0 0.3116113744075829 0.34541641701617737 0.08925750394944708 0.046135410425404436
0 0.31121642969984203 0.4050329538645896 0.09794628751974724 0.04313960455362493
0 0.4273301737756714 0.4068304373876573 0.07740916271721959 0.04913121629718394
0 0.283175355450237 0.5901737567405633 0.0703001579778831 0.03834631515877771
0 0.47472353870458134 0.5859796285200719 0.08530805687203791 0.041941282204913125
0 0.6868088467614534 0.5841821449970042 0.11611374407582938 0.04553624925104853
0 0.7037914691943128 0.6674655482324745 0.08846761453396525 0.05152786099460755
0 0.4881516587677725 0.7336728579988017 0.10426540284360189 0.04254044337926902
0 0.2989731437598736 0.7306770521270222 0.09557661927330173 0.04493708807669263
