0 0.2962085308056872 0.1354104254044338 0.06477093206951026 0.03115638106650689
0 0.42417061611374407 0.1348112642300779 0.06635071090047394 0.02756141402037148
0 0.4233807266982622 0.16806470940683044 0.06477093206951026 0.02456560814859197
0 0.4221958925750395 0.201318154583583 0.04344391785150079 0.015578190533253445
0 0.424565560821485 0.2330736968244458 0.07819905213270142 0.02396644697423607
0 0.42298578199052134 0.2678250449370881 0.06398104265402843 0.02396644697423607
0 0.4233807266982622 0.3007789095266627 0.07582938388625593 0.02396644697423607
0 0.42417061611374407 0.3409227082085081 0.052132701421800945 0.03235470341521869
0 0.19549763033175355 0.20011983223487118 0.052922590837282776 0.022768124625524265
0 0.29462875197472355 0.20011983223487118 0.07109004739336493 0.02396644697423607
0 0.29660347551342814 0.1683642899940084 0.08609794628751975 0.028759736369083286
0 0.2958135860979463 0.2330736968244458 0.052922590837282776 0.03235470341521869
0 0.2958135860979463 0.2669263031755542 0.07187993680884676 0.02696225284601558
0 0.2958135860979463 0.3013780707010186 0.04028436018957346 0.025164769322947873
0 0.19589257503949448 0.2672258837627322 0.0315955766192733 0.025164769322947873
0 0.19628751974723538 0.23247453565008988 0.03712480252764613 0.028759736369083286
0 0.19510268562401265 0.3016776512881965 0.0631911532385466 0.035350509286998205
0 0.19589257503949448 0.34122228879568606 0.0631911532385466 0.0329538645895746
0 0.2962085308056872 0.3427201917315758 0.05529225908372828 0.025164769322947873
0 0.4225908372827804 0.3786698621929299 0.0631911532385466 0.02396644697423607
0 0.4233807266982622 0.4191132414619533 0.0631911532385466 0.035350509286998205
0 0.29541864139020535 0.41881366087477534 0.05055292259083728 0.022768124625524265
0 0.19628751974723538 0.38016776512881967 0.04344391785150079 0.035350509286998205
0 0.1966824644549763 0.4185140802875974 0.044233807266982623 0.0341521869382864
0 0.29660347551342814 0.457459556620731 0.04344391785150079 0.022168963451168366
0 0.42298578199052134 0.457459556620731 0.04186413902053712 0.035350509286998205
0 0.424565560821485 0.4868184541641702 0.06714060031595577 0.019772318753744758
0 0.42377567140600314 0.5176752546434991 0.029225908372827805 0.03235470341521869
0 0.42377567140600314 0.5560215698022768 0.052922590837282776 0.0347513481126423
0 0.2950236966824645 0.5542240862792092 0.04818325434439179 0.013181545835829839
0 0.2962085308056872 0.5173756740563211 0.0631911532385466 0.0329538645895746
0 0.29541864139020535 0.48741761533852607 0.052132701421800945 0.018573996405032954
0 0.19549763033175355 0.48711803475134813 0.03712480252764613 0.02037147992810066
0 0.19628751974723538 0.4568603954463751 0.038704581358609796 0.023367285799880167
0 0.6070300157977883 0.243858597962852 0.06398104265402843 0.0347513481126423
0 0.6070300157977883 0.28070701018573996 0.04660347551342812 0.0329538645895746
0 0.7093206951026856 0.13421210305572198 0.0631911532385466 0.025164769322947873
0 0.8357030015797788 0.13421210305572198 0.05845181674565561 0.03235470341521869
0 0.8364928909952607 0.16476932294787297 0.07424960505529225 0.02396644697423607
0 0.8357030015797788 0.2019173157579389 0.08214849921011058 0.04074295985620132
0 0.7085308056872038 0.20011983223487118 0.03949447077409163 0.02396644697423607
0 0.7089257503949447 0.16566806470940684 0.04976303317535545 0.022168963451168366
0 0.6093996840442338 0.1665668064709407 0.04976303317535545 0.02396644697423607
0 0.6078199052132701 0.20281605751947274 0.06398104265402843 0.03774715398442181
0 0.707740916271722 0.24355901737567406 0.052132701421800945 0.02456560814859197
0 0.8364928909952607 0.24475733972438588 0.08056872037914692 0.03055721989215099
0 0.8376777251184834 0.2801078490113841 0.04028436018957346 0.025763930497303775
0 0.8372827804107424 0.3148591971240264 0.07740916271721959 0.02696225284601558
0 0.7089257503949447 0.2813061713600959 0.045023696682464455 0.0329538645895746
0 0.7085308056872038 0.31336129418813663 0.044233807266982623 0.02037147992810066
0 0.7112954186413902 0.3508088675853805 0.052922590837282776 0.023367285799880167
0 0.8337282780410742 0.3517076093469143 0.052922590837282776 0.039544637507489516
0 0.8380726698262243 0.38615937687237867 0.037914691943127965 0.020970641102456562
0 0.7085308056872038 0.3864589574595566 0.06477093206951026 0.028759736369083286
0 0.608609794628752 0.38585979628520073 0.038704581358609796 0.022768124625524265
0 0.6062401263823065 0.4221090473337328 0.04660347551342812 0.022168963451168366
0 0.707345971563981 0.42180946674655484 0.05608214849921011 0.016776512881965248
0 0.8357030015797788 0.4212103055721989 0.07740916271721959 0.03834631515877771
0 0.7101105845181674 0.45266626722588377 0.08530805687203791 0.01378070701018574
0 0.8364928909952607 0.4532654284002397 0.0947867298578199 0.020970641102456562
0 0.8372827804107424 0.47843019772318757 0.03949447077409163 0.019772318753744758
0 0.8360979462875198 0.518274415817855 0.07977883096366509 0.04913121629718394
0 0.7085308056872038 0.47843019772318757 0.05055292259083728 0.023367285799880167
0 0.707345971563981 0.5176752546434991 0.038704581358609796 0.022768124625524265
0 0.7089257503949447 0.5659077291791492 0.054502369668246446 0.019772318753744758
0 0.8380726698262243 0.566806470940683 0.07582938388625593 0.04433792690233673
