0 0.3076619273301738 0.13391252246854404 0.20774091627172195 0.06291192330736968
0 0.6635071090047393 0.1336129418813661 0.24328593996840442 0.06710605152786099
0 0.6287519747235387 0.20820850808867586 0.18799368088467613 0.06411024565608149
0 0.6208530805687204 0.292690233672858 0.07424960505529225 0.0341521869382864
0 0.7630331753554502 0.2938885560215698 0.08846761453396525 0.04134212103055722
0 0.7646129541864138 0.34541641701617737 0.08214849921011058 0.06171360095865788
0 0.6232227488151658 0.3421210305572199 0.052132701421800945 0.04313960455362493
0 0.6248025276461295 0.4038346315158778 0.07109004739336493 0.04913121629718394
0 0.36808846761453395 0.20521270221689636 0.07898894154818326 0.06051527860994608
0 0.3692733017377567 0.3244457759137208 0.18878357030015797 0.059316956261234274
0 0.29265402843601895 0.4074295985620132 0.07187993680884676 0.046734571599760334
0 0.415086887835703 0.4101258238466147 0.08609794628751975 0.06051527860994608
0 0.4174565560821485 0.4706411024565608 0.08609794628751975 0.06291192330736968
0 0.6548183254344392 0.4751348112642301 0.05529225908372828 0.05871779508687837
0 0.7673775671406003 0.4763331336129419 0.08925750394944708 0.0695026962252846
0 0.7661927330173776 0.4056321150389455 0.09004739336492891 0.05871779508687837
0 0.31714060031595576 0.4685440383463152 0.06240126382306477 0.05152786099460755
0 0.2669826224328594 0.6273217495506291 0.0679304897314376 0.05512282804074296
0 0.39849921011058453 0.6297183942480528 0.08609794628751975 0.07070101857399641
0 0.5616113744075829 0.6285200718993409 0.08846761453396525 0.07309766327142002
0 0.7259083728278041 0.6309167165967645 0.0631911532385466 0.07309766327142002
