0 0.2539494470774092 0.12911923307369683 0.15086887835703 0.11923307369682445
0 0.4052132701421801 0.12911923307369683 0.15165876777251186 0.12282804074295986
0 0.5635860979462876 0.12372678250449372 0.146129541864139 0.09766327142001198
0 0.7203791469194313 0.12582384661473936 0.1484992101105845 0.12462552426602756
0 0.745260663507109 0.2738166566806471 0.19036334913112163 0.11623726782504494
0 0.5485781990521327 0.27052127022168965 0.18404423380726698 0.11683642899940085
0 0.3613744075829384 0.2711204313960455 0.18246445497630331 0.13121629718394248
0 0.23222748815165875 0.2672258837627322 0.09320695102685624 0.08987417615338526
0 0.3033175355450237 0.41971240263630916 0.17061611374407581 0.12762133013780708
0 0.594391785150079 0.4140203714799281 0.16192733017377567 0.11384062312762133
0 0.6524486571879937 0.5994607549430797 0.17535545023696683 0.12642300778909527
0 0.29265402843601895 0.6581785500299581 0.15086887835703 0.09646494907130018
0 0.26303317535545023 0.8175554224086279 0.15481832543443919 0.1324146195326543
0 0.45300157977883093 0.8241461953265429 0.15876777251184834 0.1372079089275015
0 0.6627172195892574 0.8250449370880767 0.21642969984202212 0.1390053924505692
