0 0.28278041074249605 0.14170161773517076 0.08688783570300158 0.046135410425404436
0 0.20853080568720378 0.2714200119832235 0.06951026856240126 0.052726183343319355
0 0.33609794628751977 0.3427201917315758 0.06240126382306477 0.035949670461354104
0 0.3353080568720379 0.37956860395446373 0.05766192733017377 0.02696225284601558
0 0.33609794628751977 0.4164170161773517 0.05924170616113744 0.03115638106650689
0 0.3353080568720379 0.451168364289994 0.06398104265402843 0.03115638106650689
0 0.33688783570300157 0.48502097064110244 0.05766192733017377 0.029358897543439184
0 0.33609794628751977 0.5281605751947274 0.0703001579778831 0.046135410425404436
0 0.3353080568720379 0.5707010185739965 0.060821484992101105 0.03055721989215099
0 0.334913112164297 0.6078490113840623 0.0631911532385466 0.029358897543439184
0 0.3345181674565561 0.6755542240862792 0.06398104265402843 0.03055721989215099
0 0.20655608214849921 0.6632714200119832 0.08767772511848342 0.06231276213301378
0 0.33649289099526064 0.74415817855003 0.06003159557661927 0.0347513481126423
0 0.33609794628751977 0.7795086878370282 0.06398104265402843 0.03115638106650689
0 0.33570300157977884 0.8298382264829239 0.061611374407582936 0.033553025763930495
0 0.20655608214849921 0.8307369682444578 0.08609794628751975 0.05572198921509886
0 0.2089257503949447 0.7513481126423008 0.09399684044233807 0.06231276213301378
