0 0.1579778830963665 0.41551827441581785 0.10742496050552923 0.07968843618933494
0 0.2819905213270142 0.4017375674056321 0.06477093206951026 0.025763930497303775
0 0.40837282780410744 0.4161174355901738 0.10584518167456555 0.09047333732774117
0 0.3590047393364929 0.5203714799281006 0.20774091627172195 0.08568004793289395
0 0.18088467614533965 0.5446375074895147 0.11532385466034754 0.04313960455362493
0 0.5596366508688784 0.4203115638106651 0.08767772511848342 0.08088675853804674
0 0.7523696682464455 0.4194128220491312 0.09873617693522907 0.08268424206111444
0 0.8278041074249605 0.5206710605152787 0.1769352290679305 0.07549430796884363
0 0.6733807266982622 0.5497303774715399 0.1018957345971564 0.040143798681845415
0 0.5631911532385466 0.5263630916716597 0.09320695102685624 0.07489514679448772
0 0.49960505529225907 0.7294787297783104 0.18404423380726698 0.06530856800479329
0 0.5580568720379147 0.8175554224086279 0.09557661927330173 0.04493708807669263
0 0.6670616113744076 0.8181545835829839 0.08925750394944708 0.048532055122828044
0 0.4486571879936809 0.81725584182145 0.08846761453396525 0.05512282804074296
0 0.3439968404423381 0.8178550029958059 0.10031595576619273 0.046734571599760334
