0 0.49921011058451814 0.1590772917914919 0.16113744075829384 0.08328340323547034
0 0.3155608214849921 0.2768124625524266 0.030805687203791468 0.0347513481126423
0 0.32503949447077407 0.3097663271420012 0.045023696682464455 0.03834631515877771
0 0.32661927330173773 0.34511683642899943 0.04660347551342812 0.03834631515877771
0 0.3285939968404423 0.3816656680647094 0.04897314375987362 0.03834631515877771
0 0.33096366508688785 0.41491911324146197 0.045813586097946286 0.03774715398442181
0 0.3313586097946287 0.4487717195925704 0.045023696682464455 0.03834631515877771
0 0.3380726698262243 0.4826243259436789 0.05687203791469194 0.03774715398442181
0 0.3329383886255924 0.5158777711204314 0.04660347551342812 0.03834631515877771
0 0.3333333333333333 0.5512282804074297 0.04739336492890995 0.03714799281006591
