0 0.4980252764612954 0.14499700419412823 0.17614533965244866 0.08268424206111444
0 0.3787519747235387 0.24625524266027563 0.04344391785150079 0.026363091671659677
0 0.3076619273301738 0.24835230677052128 0.07503949447077408 0.03774715398442181
0 0.37717219589257506 0.29478729778310364 0.04344391785150079 0.026363091671659677
0 0.3076619273301738 0.2953864589574596 0.07345971563981042 0.03714799281006591
0 0.37717219589257506 0.34122228879568606 0.04344391785150079 0.022168963451168366
0 0.3080568720379147 0.3427201917315758 0.07266982622432859 0.035949670461354104
0 0.3767772511848341 0.38945476333133616 0.045813586097946286 0.022768124625524265
0 0.3080568720379147 0.38945476333133616 0.07424960505529225 0.03714799281006591
0 0.37796208530805686 0.4376872378669862 0.04186413902053712 0.020970641102456562
0 0.3076619273301738 0.4364889155182744 0.07187993680884676 0.035350509286998205
0 0.3763823064770932 0.48322348711803476 0.04344391785150079 0.025763930497303775
0 0.3080568720379147 0.4838226482923907 0.07266982622432859 0.035350509286998205
0 0.37756714060031593 0.5308568004793289 0.04107424960505529 0.02396644697423607
0 0.3068720379146919 0.5311563810665069 0.07661927330173776 0.03654883163571001
0 0.37598736176935227 0.5781905332534452 0.044233807266982623 0.03834631515877771
0 0.3068720379146919 0.5772917914919113 0.07503949447077408 0.035350509286998205
0 0.37796208530805686 0.6249251048532055 0.04186413902053712 0.021569802276812464
0 0.37796208530805686 0.6722588376273217 0.04186413902053712 0.033553025763930495
0 0.3080568720379147 0.6722588376273217 0.07266982622432859 0.0347513481126423
0 0.30963665086887837 0.6255242660275614 0.07424960505529225 0.03714799281006591
