0 0.2669826224328594 0.10964649490713002 0.19115323854660346 0.06231276213301378
0 0.4972353870458136 0.10095865787896945 0.1919431279620853 0.07849011384062313
0 0.7294628751974723 0.10904733373277412 0.19510268562401265 0.06470940683043738
0 0.7294628751974723 0.20101857399640505 0.19352290679304898 0.06411024565608149
0 0.4940758293838862 0.19292989814260036 0.19510268562401265 0.07908927501497903
0 0.2622432859399684 0.201318154583583 0.1848341232227488 0.06470940683043738
0 0.20063191153238547 0.3286399041342121 0.20063191153238547 0.0701018573996405
0 0.5323854660347551 0.3286399041342121 0.20221169036334913 0.06890353505092871
0 0.19470774091627172 0.432893948472139 0.1872037914691943 0.08807669263031756
0 0.3890205371248025 0.44008388256440983 0.21090047393364927 0.07968843618933494
0 0.6007109004739336 0.43918514080287596 0.19036334913112163 0.08508088675853805
0 0.7973933649289099 0.4427801078490114 0.20458135860979462 0.07669263031755542
0 0.20655608214849921 0.5748951467944877 0.19352290679304898 0.07489514679448772
0 0.4048183254344392 0.5710005991611744 0.19510268562401265 0.08268424206111444
0 0.6153238546603476 0.5659077291791492 0.19589257503949448 0.08448172558418214
0 0.6026856240126383 0.7216896345116837 0.1769352290679305 0.08807669263031756
0 0.8285939968404423 0.7216896345116837 0.18009478672985782 0.09047333732774117
