0 0.2914691943127962 0.10605152786099462 0.1848341232227488 0.08268424206111444
0 0.4695892575039494 0.11983223487118035 0.14139020537124802 0.11623726782504494
0 0.6615323854660348 0.09826243259436789 0.14139020537124802 0.07429598562013182
0 0.6852290679304898 0.19292989814260036 0.07187993680884676 0.0347513481126423
0 0.25236966824644547 0.26123427201917315 0.15560821484992102 0.07309766327142002
0 0.4458925750394945 0.2576393049730378 0.165086887835703 0.07070101857399641
0 0.6042654028436019 0.2537447573397244 0.11374407582938388 0.08568004793289395
0 0.7578988941548183 0.256141402037148 0.11137440758293839 0.11084481725584182
0 0.23380726698262244 0.41671659676452966 0.08214849921011058 0.05212702216896345
0 0.36808846761453395 0.4194128220491312 0.08530805687203791 0.05152786099460755
0 0.5446287519747235 0.4152186938286399 0.12559241706161137 0.05751947273816657
0 0.7456556082148499 0.4769322947872978 0.12164296998420221 0.05632115038945477
0 0.5252764612954186 0.5590173756740563 0.15639810426540285 0.07429598562013182
