0 0.18167456556082148 0.08268424206111444 0.08846761453396525 0.04433792690233673
0 0.4695892575039494 0.09017375674056322 0.11453396524486571 0.059316956261234274
0 0.7049763033175356 0.08238466147393649 0.10031595576619273 0.04373876572798083
0 0.6421800947867299 0.15578190533253444 0.07424960505529225 0.07070101857399641
0 0.3688783570300158 0.16327142001198322 0.07109004739336493 0.05811863391252247
0 0.17061611374407581 0.16536848412222888 0.061611374407582936 0.05991611743559017
0 0.16824644549763032 0.24745356500898744 0.061611374407582936 0.05751947273816657
0 0.44154818325434436 0.23996405032953866 0.05845181674565561 0.06890353505092871
0 0.5454186413902053 0.32654284002396644 0.08609794628751975 0.04074295985620132
0 0.3495260663507109 0.32055122828040744 0.08609794628751975 0.05871779508687837
0 0.17061611374407581 0.3199520671060515 0.061611374407582936 0.05632115038945477
0 0.4000789889415482 0.3975434391851408 0.035545023696682464 0.040143798681845415
0 0.47274881516587675 0.4056321150389455 0.04028436018957346 0.05512282804074296
0 0.54739336492891 0.4140203714799281 0.04107424960505529 0.07549430796884363
0 0.6117693522906793 0.39724385859796285 0.03238546603475513 0.03834631515877771
0 0.8096366508688784 0.3274415817855003 0.0995260663507109 0.04254044337926902
