0 0.3088467614533965 0.11563810665068903 0.19273301737756715 0.10545236668663871
0 0.5928120063191153 0.11743559017375674 0.18878357030015797 0.10784901138406232
0 0.5936018957345971 0.18633912522468543 0.05134281200631911 0.014379868184541643
0 0.7578988941548183 0.18693828639904134 0.06872037914691943 0.028759736369083286
0 0.744865718799368 0.2183942480527262 0.0631911532385466 0.03894547633313361
0 0.744865718799368 0.25584182144997003 0.10268562401263823 0.026363091671659677
0 0.6785150078988942 0.28280407429598564 0.10268562401263823 0.0347513481126423
0 0.5580568720379147 0.2573397243858598 0.08767772511848342 0.02456560814859197
0 0.5963665086887836 0.2249850209706411 0.053712480252764615 0.02696225284601558
0 0.40086887835703 0.3885560215698023 0.19984202211690363 0.1048532055122828
0 0.3345181674565561 0.4988016776512882 0.19036334913112163 0.04254044337926902
0 0.5205371248025277 0.49610545236668663 0.10110584518167456 0.04913121629718394
0 0.3234597156398104 0.573397243858598 0.16192733017377567 0.04313960455362493
0 0.45023696682464454 0.5781905332534452 0.052132701421800945 0.02037147992810066
0 0.5505529225908373 0.5692031156381067 0.06003159557661927 0.02756141402037148
0 0.65086887835703 0.5698022768124625 0.11216429699842022 0.02756141402037148
0 0.25631911532385465 0.6428999400838826 0.04344391785150079 0.028759736369083286
0 0.35821484992101105 0.6494907130017975 0.11137440758293839 0.02037147992810066
0 0.49921011058451814 0.6509886159376872 0.07582938388625593 0.01737567405632115
0 0.5770142180094787 0.6491911324146196 0.060821484992101105 0.020970641102456562
