0 0.254739336492891 0.20940683043738767 0.06240126382306477 0.04733373277411624
0 0.42693522906793047 0.1878370281605752 0.021327014218009477 0.01018573996405033
0 0.42890995260663506 0.19982025164769324 0.02843601895734597 0.01018573996405033
0 0.42890995260663506 0.21240263630916717 0.0315955766192733 0.01018573996405033
0 0.42812006319115326 0.22738166566806473 0.042654028436018954 0.01737567405632115
0 0.42851500789889413 0.2609346914319952 0.019747235387045814 0.01018573996405033
0 0.42812006319115326 0.27351707609346915 0.030015797788309637 0.01018573996405033
0 0.429304897314376 0.28579988016776514 0.030805687203791468 0.009586578789694428
0 0.42812006319115326 0.30227681246255245 0.037914691943127965 0.018573996405032954
0 0.4277251184834123 0.32294787297783106 0.04028436018957346 0.021569802276812464
0 0.4300947867298578 0.34811264230077893 0.05924170616113744 0.025164769322947873
0 0.25434439178515006 0.31036548831635713 0.06003159557661927 0.04313960455362493
0 0.25118483412322273 0.4403834631515878 0.06003159557661927 0.041941282204913125
0 0.42851500789889413 0.38615937687237867 0.019747235387045814 0.011384062312762133
0 0.429304897314376 0.3981426003594967 0.016587677725118485 0.01018573996405033
0 0.42851500789889413 0.41072498502097066 0.03238546603475513 0.01018573996405033
0 0.42890995260663506 0.42300778909526665 0.0315955766192733 0.008388256440982624
0 0.4296998420221169 0.438885560215698 0.037914691943127965 0.018573996405032954
0 0.42812006319115326 0.4598562013181546 0.042654028436018954 0.020970641102456562
0 0.4300947867298578 0.4847213900539245 0.060821484992101105 0.026363091671659677
0 0.2519747235387046 0.5371479928100659 0.06635071090047394 0.03894547633313361
0 0.42812006319115326 0.5233672857998802 0.018957345971563982 0.011384062312762133
0 0.42812006319115326 0.5353505092869982 0.01579778830963665 0.01018573996405033
0 0.42812006319115326 0.5470341521869383 0.030015797788309637 0.009586578789694428
0 0.429304897314376 0.5599161174355902 0.030805687203791468 0.01018573996405033
0 0.42851500789889413 0.5757938885560215 0.03712480252764613 0.019173157579388856
0 0.42890995260663506 0.597363690832834 0.03949447077409163 0.021569802276812464
0 0.429304897314376 0.6297183942480528 0.060821484992101105 0.02756141402037148
