0 0.2819905213270142 0.12822049131216298 0.15639810426540285 0.09586578789694428
0 0.39968404423380727 0.3025763930497304 0.1311216429699842 0.09466746554823248
0 0.15600315955766192 0.30227681246255245 0.14928909952606634 0.09526662672258839
0 0.5888625592417062 0.4736369083283403 0.052922590837282776 0.04493708807669263
0 0.6548183254344392 0.47183942480527263 0.06635071090047394 0.053325344517675254
0 0.7760663507109005 0.47393648891551826 0.11137440758293839 0.0659077291791492
0 0.7638230647709321 0.5560215698022768 0.10900473933649289 0.07189934092270821
0 0.6188783570300158 0.5539245056920312 0.10821484992101106 0.0665068903535051
0 0.6212480252764613 0.6375074895146795 0.11137440758293839 0.06470940683043738
0 0.7839652448657188 0.6378070701018574 0.11295418641390205 0.06411024565608149
0 0.6220379146919431 0.725584182144997 0.11611374407582938 0.0659077291791492
