0 0.11927330173775672 0.12252846015578191 0.07109004739336493 0.035350509286998205
0 0.2725118483412322 0.12252846015578191 0.0995260663507109 0.03774715398442181
0 0.43799368088467616 0.12462552426602756 0.09873617693522907 0.039544637507489516
0 0.5888625592417062 0.14529658478130617 0.1429699842022117 0.0713001797483523
0 0.8191153238546603 0.14080287597363692 0.19747235387045814 0.07189934092270821
0 0.8214849921011058 0.34841222288795687 0.1769352290679305 0.07729179149191133
0 0.5924170616113744 0.34841222288795687 0.15481832543443919 0.07729179149191133
0 0.330173775671406 0.3214499700419413 0.12164296998420221 0.05212702216896345
0 0.3321484992101106 0.43019772318753746 0.11453396524486571 0.046734571599760334
0 0.15955766192733017 0.43079688436189334 0.11690363349131122 0.04913121629718394
0 0.15165876777251186 0.3220491312162972 0.0947867298578199 0.04733373277411624
0 0.14533965244865718 0.5985620131815459 0.1263823064770932 0.09466746554823248
0 0.3862559241706161 0.5982624325943678 0.19115323854660346 0.09646494907130018
