0 0.28751974723538704 0.12552426602756142 0.18641390205371247 0.09047333732774117
0 0.49565560821484994 0.11683642899940085 0.18878357030015797 0.10904733373277412
0 0.7033965244865719 0.13091671659676454 0.18246445497630331 0.08927501497902936
0 0.744865718799368 0.28160575194727383 0.17377567140600317 0.08867585380467347
0 0.5161927330173776 0.2890952666267226 0.2014218009478673 0.07968843618933494
0 0.2705371248025276 0.28819652486518876 0.2093206951026856 0.07908927501497903
0 0.28949447077409163 0.41252246854403835 0.2156398104265403 0.07849011384062313
0 0.5201421800947867 0.41431995206710603 0.174565560821485 0.07489514679448772
0 0.726303317535545 0.41372079089275016 0.17614533965244866 0.07609346914319952
0 0.2721169036334913 0.5506291192330737 0.20616113744075829 0.0683043738765728
0 0.5011848341232228 0.5500299580587178 0.16824644549763032 0.0683043738765728
0 0.7290679304897314 0.5512282804074297 0.2037914691943128 0.06710605152786099
