0 0.31635071090047395 0.14439784301977232 0.146129541864139 0.07908927501497903
0 0.570695102685624 0.1476932294787298 0.160347551342812 0.07729179149191133
0 0.6267772511848341 0.23337327741162373 0.26145339652448657 0.07729179149191133
0 0.3183254344391785 0.23397243858597963 0.15323854660347552 0.07849011384062313
0 0.46011058451816744 0.33523067705212706 0.25355450236966826 0.07849011384062313
0 0.5548973143759873 0.5230677052127022 0.052922590837282776 0.03235470341521869
0 0.7322274881516587 0.5281605751947274 0.14218009478672985 0.06411024565608149
0 0.8649289099526066 0.5053924505692031 0.0679304897314376 0.02456560814859197
0 0.8661137440758294 0.5320551228280408 0.06872037914691943 0.025164769322947873
0 0.8578199052132701 0.5584182144997004 0.0947867298578199 0.028759736369083286
0 0.7515797788309636 0.6063511084481725 0.22669826224328593 0.05991611743559017
0 0.7503949447077409 0.6581785500299581 0.16113744075829384 0.04373876572798083
