0 0.34636650868878355 0.1273217495506291 0.1872037914691943 0.08208508088675855
0 0.6295418641390206 0.12462552426602756 0.1895734597156398 0.06710605152786099
0 0.6639020537124802 0.237866986219293 0.17140600315955765 0.08388256440982625
0 0.38981042654028436 0.2372678250449371 0.1872037914691943 0.08268424206111444
0 0.4040284360189573 0.3568004793289395 0.19510268562401265 0.08448172558418214
0 0.3009478672985782 0.5152786099460755 0.08372827804107424 0.04313960455362493
0 0.38665086887835703 0.530557219892151 0.054502369668246446 0.035350509286998205
0 0.48973143759873616 0.5023966446974236 0.13270142180094788 0.048532055122828044
0 0.6753554502369669 0.5191731575793889 0.11848341232227488 0.06051527860994608
0 0.4466824644549763 0.6150389454763332 0.14139020537124802 0.08328340323547034
0 0.6627172195892574 0.6141402037147993 0.12480252764612954 0.08028759736369083
0 0.6678515007898894 0.7082085080886759 0.174565560821485 0.06710605152786099
0 0.4186413902053712 0.7109047333732774 0.19747235387045814 0.07968843618933494
0 0.2812006319115324 0.7171959257040144 0.07424960505529225 0.04913121629718394
0 0.4099526066350711 0.8040742959856202 0.17535545023696683 0.07309766327142002
