0 0.5059241706161137 0.12282804074295986 0.08293838862559241 0.07789095266626722
0 0.30450236966824645 0.2657279808268424 0.038704581358609796 0.0341521869382864
0 0.5588467614533965 0.26542840023966446 0.04186413902053712 0.03714799281006591
0 0.5616113744075829 0.304673457159976 0.03949447077409163 0.03894547633313361
0 0.5600315955766193 0.3469143199520671 0.04107424960505529 0.04313960455362493
0 0.30450236966824645 0.3043738765727981 0.038704581358609796 0.022768124625524265
0 0.3037124802527646 0.347513481126423 0.03712480252764613 0.035949670461354104
0 0.3029225908372828 0.38526063511084485 0.035545023696682464 0.03235470341521869
0 0.5600315955766193 0.3864589574595566 0.04739336492890995 0.029958058717795086
0 0.5596366508688784 0.4221090473337328 0.04028436018957346 0.03774715398442181
0 0.3041074249605055 0.42091072498502097 0.04739336492890995 0.0341521869382864
0 0.29067930489731436 0.5560215698022768 0.13270142180094788 0.08747753145596165
0 0.7239336492890995 0.5557219892150989 0.13033175355450236 0.09047333732774117
