0 0.4968404423380727 0.16896345116836428 0.1406003159557662 0.10545236668663871
0 0.434044233807267 0.2935889754343919 0.04660347551342812 0.025164769322947873
0 0.4312796208530806 0.3304373876572798 0.045813586097946286 0.02456560814859197
0 0.43364928909952605 0.3663870581186339 0.045813586097946286 0.03055721989215099
0 0.43285939968404424 0.4029358897543439 0.045813586097946286 0.02456560814859197
0 0.4324644549763033 0.4373876572798083 0.04818325434439179 0.03115638106650689
0 0.4320695102685624 0.47543439185140807 0.04739336492890995 0.025763930497303775
0 0.4324644549763033 0.512282804074296 0.04660347551342812 0.02756141402037148
0 0.434044233807267 0.548831635710006 0.052922590837282776 0.029958058717795086
0 0.35624012638230645 0.5473337327741162 0.045813586097946286 0.02696225284601558
0 0.35821484992101105 0.5104853205512283 0.04660347551342812 0.02756141402037148
0 0.35624012638230645 0.47603355302576394 0.04739336492890995 0.02696225284601558
0 0.35624012638230645 0.43828639904134215 0.05055292259083728 0.02696225284601558
