0 0.3108214849921011 0.17735170760934693 0.12559241706161137 0.039544637507489516
0 0.31003159557661925 0.23217495506291194 0.13507109004739337 0.04373876572798083
0 0.3127962085308057 0.2920910724985021 0.15639810426540285 0.046135410425404436
0 0.30963665086887837 0.3588975434391852 0.1627172195892575 0.05392450569203116
0 0.30924170616113744 0.4355901737567406 0.13191153238546605 0.041941282204913125
0 0.3108214849921011 0.5035949670461354 0.15560821484992102 0.053325344517675254
0 0.30963665086887837 0.5614140203714799 0.1579778830963665 0.05392450569203116
0 0.6552132701421801 0.1779508687837028 0.15876777251184834 0.04913121629718394
0 0.6536334913112164 0.23157579388855604 0.16824644549763032 0.05212702216896345
0 0.6544233807266983 0.28999400838825645 0.17772511848341233 0.05512282804074296
0 0.6548183254344392 0.35320551228280406 0.20853080568720378 0.059316956261234274
0 0.6544233807266983 0.42959856201318153 0.20774091627172195 0.05991611743559017
0 0.6548183254344392 0.49850209706411025 0.1627172195892575 0.04913121629718394
