0 0.2985781990521327 0.09916117435590174 0.20695102685624012 0.05811863391252247
0 0.5003949447077409 0.10155781905332535 0.17772511848341233 0.04733373277411624
0 0.7010268562401264 0.08627920910724986 0.20616113744075829 0.04553624925104853
0 0.29739336492890994 0.18004793289394846 0.20458135860979462 0.04493708807669263
0 0.4913112164296998 0.18933493109646496 0.19115323854660346 0.06710605152786099
0 0.6939178515007899 0.19173157579388855 0.19984202211690363 0.06351108448172559
0 0.3593996840442338 0.286698621929299 0.1990521327014218 0.05212702216896345
0 0.6346761453396524 0.27950868783702815 0.19826224328593997 0.06411024565608149
0 0.278436018957346 0.38705811863391254 0.1524486571879937 0.041941282204913125
0 0.45260663507109006 0.38106650689035354 0.17535545023696683 0.07309766327142002
0 0.683649289099526 0.3813660874775315 0.22985781990521326 0.05212702216896345
0 0.31240126382306477 0.4823247453565009 0.2093206951026856 0.05871779508687837
0 0.6244075829383886 0.47723187537447576 0.3325434439178515 0.04973037747153985
