0 0.2815955766192733 0.16267225883762731 0.1382306477093207 0.07489514679448772
0 0.20221169036334913 0.24116237267825044 0.05845181674565561 0.025763930497303775
0 0.2018167456556082 0.27771120431396046 0.052922590837282776 0.03055721989215099
0 0.20537124802527645 0.3151587777112043 0.06477093206951026 0.029958058717795086
0 0.20221169036334913 0.35110844817255843 0.0631911532385466 0.028759736369083286
0 0.2093206951026856 0.3909526662672259 0.06951026856240126 0.0341521869382864
0 0.2255134281200632 0.432893948472139 0.10821484992101106 0.02696225284601558
0 0.2377567140600316 0.47783103654883163 0.1311216429699842 0.04373876572798083
0 0.23222748815165875 0.5269622528460156 0.11532385466034754 0.040143798681845415
0 0.20221169036334913 0.5695026962252846 0.061611374407582936 0.025763930497303775
0 0.20260663507109006 0.6054523666866387 0.060821484992101105 0.0341521869382864
0 0.21445497630331753 0.6414020371479928 0.08609794628751975 0.029358897543439184
0 0.20260663507109006 0.6791491911324147 0.05608214849921011 0.029358897543439184
0 0.21050552922590837 0.7174955062911923 0.06714060031595577 0.029358897543439184
0 0.23380726698262244 0.7678250449370881 0.11848341232227488 0.053325344517675254
