0 0.18759873617693523 0.11473936488915519 0.174565560821485 0.06171360095865788
0 0.48973143759873616 0.11054523666866388 0.0631911532385466 0.04254044337926902
0 0.566350710900474 0.10695026962252846 0.06635071090047394 0.04493708807669263
0 0.6457345971563981 0.10665068903535051 0.06714060031595577 0.04433792690233673
0 0.7239336492890995 0.10695026962252846 0.060821484992101105 0.040143798681845415
0 0.80173775671406 0.10844817255841822 0.0631911532385466 0.041941282204913125
0 0.8755924170616114 0.10814859197124027 0.06240126382306477 0.046135410425404436
0 0.8807266982622433 0.1983223487118035 0.07424960505529225 0.05032953864589575
0 0.8001579778830964 0.2097064110245656 0.07109004739336493 0.05871779508687837
0 0.7132701421800948 0.21180347513481126 0.07582938388625593 0.06051527860994608
0 0.6240126382306477 0.21240263630916717 0.06951026856240126 0.056920311563810666
0 0.5489731437598736 0.21150389454763333 0.0631911532385466 0.05751947273816657
0 0.4695892575039494 0.20521270221689636 0.06714060031595577 0.040143798681845415
0 0.3882306477093207 0.2061114439784302 0.08135860979462875 0.041941282204913125
0 0.29976303317535546 0.20071899340922708 0.08451816745655608 0.039544637507489516
0 0.21958925750394945 0.2049131216297184 0.09162717219589257 0.041941282204913125
0 0.12993680884676145 0.20641102456560814 0.08925750394944708 0.04493708807669263
0 0.15126382306477093 0.359796285200719 0.1334913112164297 0.07369682444577591
0 0.3479462875197472 0.3550029958058718 0.09399684044233807 0.04373876572798083
0 0.4332543443917851 0.34601557819053325 0.05924170616113744 0.053325344517675254
0 0.49842022116903634 0.3526063511084482 0.05687203791469194 0.03654883163571001
0 0.5643759873617693 0.35440383463151587 0.054502369668246446 0.035350509286998205
0 0.6777251184834123 0.3496105452366687 0.06951026856240126 0.04733373277411624
0 0.7476303317535545 0.34901138406231275 0.06398104265402843 0.04733373277411624
0 0.8289889415481833 0.347513481126423 0.08609794628751975 0.04313960455362493
0 0.15560821484992102 0.4805272618334332 0.14375987361769352 0.0659077291791492
0 0.35742496050552924 0.46794487717195926 0.09083728278041074 0.041941282204913125
0 0.4372037914691943 0.46674655482324745 0.09557661927330173 0.041941282204913125
0 0.5272511848341233 0.4676452965847813 0.05608214849921011 0.0329538645895746
0 0.593996840442338 0.4661473936488916 0.053712480252764615 0.03714799281006591
0 0.659952606635071 0.46195326542840026 0.07187993680884676 0.046734571599760334
0 0.7428909952606635 0.4610545236668664 0.06398104265402843 0.046135410425404436
