0 0.49960505529225907 0.14949071300179748 0.19352290679304898 0.0665068903535051
0 0.2764612954186414 0.26542840023966446 0.06635071090047394 0.029958058717795086
0 0.2768562401263823 0.3037747153984422 0.06398104265402843 0.03714799281006591
0 0.27290679304897314 0.34841222288795687 0.06714060031595577 0.03894547633313361
0 0.27527646129541866 0.3996405032953865 0.06398104265402843 0.035949670461354104
0 0.27567140600315954 0.4529658478130617 0.08530805687203791 0.041941282204913125
0 0.27567140600315954 0.5026962252846016 0.08530805687203791 0.04074295985620132
0 0.27567140600315954 0.5446375074895147 0.07740916271721959 0.033553025763930495
0 0.27488151658767773 0.585680047932894 0.07740916271721959 0.03654883163571001
0 0.27567140600315954 0.6309167165967645 0.09636650868878358 0.03115638106650689
0 0.2744865718799368 0.6803475134811264 0.0655608214849921 0.03654883163571001
0 0.6279620853080569 0.26542840023966446 0.05845181674565561 0.03115638106650689
0 0.6279620853080569 0.3055721989215099 0.09004739336492891 0.04074295985620132
0 0.6287519747235387 0.3529059316956261 0.08846761453396525 0.04313960455362493
0 0.6287519747235387 0.40233672857998803 0.08056872037914692 0.04373876572798083
0 0.6295418641390206 0.45476333133612945 0.08372827804107424 0.05152786099460755
0 0.6287519747235387 0.5032953864589574 0.05687203791469194 0.033553025763930495
0 0.627172195892575 0.5434391851408029 0.08688783570300158 0.0347513481126423
0 0.6275671406003159 0.5859796285200719 0.07819905213270142 0.039544637507489516
0 0.6295418641390206 0.6288196524865189 0.061611374407582936 0.046135410425404436
0 0.6299368088467614 0.6806470940683044 0.06714060031595577 0.05152786099460755
