0 0.320695102685624 0.12971839424805273 0.16903633491311215 0.09286998202516478
0 0.5904423380726698 0.14409826243259438 0.11927330173775672 0.09286998202516478
0 0.22906793048973143 0.3313361294188137 0.09162717219589257 0.05032953864589575
0 0.40047393364928907 0.3343319352905932 0.0995260663507109 0.05152786099460755
0 0.5904423380726698 0.33373277411623725 0.11453396524486571 0.046734571599760334
0 0.7610584518167457 0.33403235470341525 0.08293838862559241 0.08088675853804674
0 0.3108214849921011 0.4281006590772918 0.12085308056872038 0.1012582384661474
0 0.5260663507109005 0.4281006590772918 0.12322274881516587 0.10005991611743559
0 0.7444707740916272 0.42720191731575796 0.14139020537124802 0.1006590772917915
0 0.7187993680884676 0.542240862792091 0.061611374407582936 0.05152786099460755
0 0.584518167456556 0.542540443379269 0.06635071090047394 0.046135410425404436
0 0.34834123222748814 0.5347513481126424 0.1721958925750395 0.10005991611743559
