0 0.25908372827804105 0.10335530257639305 0.07740916271721959 0.05212702216896345
0 0.40718799368088465 0.10515278609946076 0.10821484992101106 0.03774715398442181
0 0.48183254344391785 0.16506890353505094 0.18009478672985782 0.06890353505092871
0 0.6970774091627172 0.16446974236069503 0.21879936808846762 0.06051527860994608
0 0.7014218009478673 0.2699221090473337 0.21958925750394945 0.05811863391252247
0 0.4794628751974723 0.2678250449370881 0.2116903633491311 0.05392450569203116
0 0.6046603475513428 0.3615937687237867 0.23933649289099526 0.06411024565608149
0 0.3645339652448657 0.3621929298981426 0.24091627172195892 0.05572198921509886
0 0.2768562401263823 0.2660275614140204 0.17614533965244866 0.0659077291791492
0 0.2768562401263823 0.1635710005991612 0.174565560821485 0.05632115038945477
