0 0.4265402843601896 0.15757938885560216 0.15955766192733017 0.06351108448172559
0 0.6796998420221169 0.16057519472738166 0.146129541864139 0.04793289394847214
0 0.6785150078988942 0.23067705212702216 0.13902053712480253 0.052726183343319355
0 0.42851500789889413 0.22678250449370882 0.12085308056872038 0.056920311563810666
0 0.4265402843601896 0.3016776512881965 0.1406003159557662 0.046135410425404436
0 0.674565560821485 0.30017974835230676 0.13428120063191154 0.04313960455362493
0 0.6757503949447077 0.36458957459556623 0.1334913112164297 0.04493708807669263
0 0.4233807266982622 0.3618933493109647 0.1311216429699842 0.05751947273816657
0 0.42693522906793047 0.4373876572798083 0.15718799368088468 0.05152786099460755
0 0.6820695102685624 0.4337926902336729 0.13033175355450236 0.041941282204913125
0 0.6800947867298578 0.5035949670461354 0.14375987361769352 0.040143798681845415
0 0.42851500789889413 0.5068903535050929 0.14139020537124802 0.046734571599760334
