0 0.24289099526066352 0.1878370281605752 0.15876777251184834 0.05092869982025165
0 0.5529225908372828 0.09586578789694428 0.08214849921011058 0.05512282804074296
0 0.6666666666666666 0.09137207908927501 0.042654028436018954 0.04254044337926902
0 0.7665876777251185 0.09107249850209706 0.02764612954186414 0.04074295985620132
0 0.6741706161137441 0.16087477531455963 0.08293838862559241 0.025763930497303775
0 0.7902843601895735 0.16926303175554225 0.08293838862559241 0.04493708807669263
0 0.18167456556082148 0.26003594967046134 0.0631911532385466 0.029958058717795086
0 0.3080568720379147 0.2576393049730378 0.08056872037914692 0.033553025763930495
0 0.41192733017377564 0.2573397243858598 0.08925750394944708 0.0329538645895746
0 0.5730647709320695 0.2546434991012582 0.1287519747235387 0.0683043738765728
0 0.7081358609794629 0.25524266027561415 0.04660347551342812 0.0347513481126423
0 0.8084518167456556 0.2615338526063511 0.0703001579778831 0.02696225284601558
0 0.1848341232227488 0.32594367884961056 0.07582938388625593 0.041941282204913125
0 0.2910742496050553 0.32774116237267825 0.08135860979462875 0.04313960455362493
0 0.39968404423380727 0.32654284002396644 0.09162717219589257 0.03834631515877771
0 0.19628751974723538 0.3945476333133613 0.09873617693522907 0.04733373277411624
0 0.3048973143759874 0.3978430197723188 0.10742496050552923 0.03714799281006591
0 0.4158767772511848 0.396644697423607 0.1066350710900474 0.046734571599760334
0 0.5620063191153238 0.33582983822648294 0.09083728278041074 0.025763930497303775
0 0.5624012638230648 0.3939484721390054 0.09320695102685624 0.046135410425404436
0 0.6864139020537124 0.32234871180347513 0.07266982622432859 0.04553624925104853
0 0.7910742496050552 0.3316357100059916 0.11295418641390205 0.028160575194727384
0 0.6729857819905213 0.39185140802875973 0.09162717219589257 0.052726183343319355
0 0.7934439178515008 0.3936488915518275 0.11769352290679305 0.04553624925104853
