0 0.575434439178515 0.5512282804074297 0.11453396524486571 0.03714799281006591
0 0.7476303317535545 0.5575194727381666 0.0924170616113744 0.0329538645895746
0 0.840047393364929 0.6009586578789694 0.15560821484992102 0.04313960455362493
0 0.7018167456556083 0.5988615937687238 0.07503949447077408 0.03055721989215099
0 0.6662717219589257 0.7657279808268425 0.165086887835703 0.04913121629718394
0 0.5043443917851501 0.7630317555422409 0.08135860979462875 0.03654883163571001
0 0.3597946287519747 0.7699221090473337 0.11769352290679305 0.05632115038945477
0 0.6291469194312796 0.8439185140802876 0.09873617693522907 0.035350509286998205
0 0.4541864139020537 0.8487118034751349 0.12480252764612954 0.03894547633313361
0 0.29660347551342814 0.8454164170161774 0.08293838862559241 0.035949670461354104
