0 0.325434439178515 0.1324146195326543 0.04897314375987362 0.052726183343319355
0 0.42812006319115326 0.13211503894547633 0.05845181674565561 0.053325344517675254
0 0.5264612954186414 0.12822049131216298 0.04976303317535545 0.04553624925104853
0 0.6161137440758294 0.1431995206710605 0.0631911532385466 0.07189934092270821
0 0.5300157977883097 0.2091072498502097 0.05687203791469194 0.05032953864589575
0 0.4786729857819905 0.2923906530856801 0.11532385466034754 0.05392450569203116
0 0.6030805687203792 0.37986818454164173 0.14928909952606634 0.07309766327142002
0 0.36808846761453395 0.37357699221090473 0.17851500789889416 0.06051527860994608
0 0.4000789889415482 0.4685440383463152 0.10979462875197472 0.05152786099460755
0 0.6011058451816745 0.4781306171360096 0.27330173775671407 0.07549430796884363
0 0.5627962085308057 0.5542240862792092 0.179304897314376 0.0695026962252846
0 0.3988941548183254 0.5473337327741162 0.14218009478672985 0.06291192330736968
0 0.46524486571879936 0.603654883163571 0.11690363349131122 0.029358897543439184
