0 0.3167456556082148 0.1324146195326543 0.1848341232227488 0.05392450569203116
0 0.6789099526066351 0.13091671659676454 0.18088467614533965 0.04973037747153985
0 0.6804897314375987 0.20820850808867586 0.179304897314376 0.05452366686638706
0 0.31911532385466035 0.2097064110245656 0.18167456556082148 0.05632115038945477
0 0.46050552922590837 0.3427201917315758 0.06003159557661927 0.03714799281006591
0 0.7053712480252764 0.3421210305572199 0.1848341232227488 0.05392450569203116
0 0.5825434439178515 0.408627920910725 0.12717219589257503 0.052726183343319355
0 0.7184044233807267 0.48442180946674657 0.17614533965244866 0.056920311563810666
0 0.4462875197472354 0.48502097064110244 0.09320695102685624 0.020970641102456562
0 0.2768562401263823 0.4865188735769922 0.18404423380726698 0.039544637507489516
0 0.37203791469194314 0.4038346315158778 0.0947867298578199 0.05392450569203116
0 0.2804107424960505 0.3403235470341522 0.1848341232227488 0.04433792690233673
0 0.19036334913112163 0.6168364289994008 0.08056872037914692 0.06051527860994608
