0 0.29462875197472355 0.12672258837627323 0.1943127962085308 0.08328340323547034
0 0.49842022116903634 0.12162971839424805 0.22906793048973143 0.08148591971240264
0 0.6879936808846762 0.12342720191731577 0.21958925750394945 0.07908927501497903
0 0.6753554502369669 0.24535650089874178 0.12796208530805686 0.0677052127022169
0 0.5015797788309636 0.24206111443978431 0.19747235387045814 0.0994607549430797
0 0.31516587677725116 0.24655482324745356 0.17851500789889416 0.08448172558418214
0 0.32187993680884674 0.39245056920311566 0.21406003159557663 0.09346914319952067
0 0.5 0.3921509886159377 0.21484992101105846 0.09286998202516478
0 0.6777251184834123 0.3906530856800479 0.21484992101105846 0.09466746554823248
0 0.6765402843601895 0.49131216297183944 0.21406003159557663 0.09466746554823248
0 0.3222748815165877 0.4928100659077292 0.21800947867298578 0.09406830437387657
0 0.5 0.494008388256441 0.21642969984202212 0.09406830437387657
0 0.5300157977883097 0.6045536249251049 0.24170616113744076 0.09706411024565609
0 0.31990521327014215 0.5958657878969443 0.21958925750394945 0.11324146195326543
