0 0.25 0.13810665068903535 0.11453396524486571 0.035350509286998205
0 0.44944707740916273 0.13750748951467945 0.20537124802527645 0.05811863391252247
0 0.6943127962085308 0.13271420011983223 0.2259083728278041 0.05811863391252247
0 0.6781200631911533 0.21509886159376873 0.2235387045813586 0.05632115038945477
0 0.3838862559241706 0.2142001198322349 0.22748815165876776 0.05811863391252247
0 0.2883096366508689 0.3693828639904134 0.10110584518167456 0.035350509286998205
0 0.4612954186413902 0.3681845416417016 0.13902053712480253 0.05452366686638706
0 0.6907582938388626 0.3693828639904134 0.1382306477093207 0.05092869982025165
0 0.7006319115323855 0.42780107849011384 0.11848341232227488 0.05032953864589575
0 0.6879936808846762 0.4835230677052127 0.15165876777251186 0.035949670461354104
0 0.47274881516587675 0.42959856201318153 0.11137440758293839 0.05152786099460755
0 0.4707740916271722 0.48532055122828044 0.14218009478672985 0.03714799281006591
0 0.2890995260663507 0.42780107849011384 0.09004739336492891 0.03714799281006591
