0 0.28751974723538704 0.13421210305572198 0.05845181674565561 0.06231276213301378
0 0.3499210110584518 0.1426003594967046 0.037914691943127965 0.03834631515877771
0 0.4569510268562401 0.12971839424805273 0.07819905213270142 0.046135410425404436
0 0.5679304897314376 0.1330137807070102 0.08056872037914692 0.046734571599760334
0 0.693127962085308 0.1348112642300779 0.07977883096366509 0.05152786099460755
0 0.3333333333333333 0.2189934092270821 0.07740916271721959 0.04733373277411624
0 0.5011848341232228 0.22947872977831038 0.11611374407582938 0.08388256440982625
0 0.4948657187993681 0.3466147393648892 0.11453396524486571 0.08088675853804674
0 0.6741706161137441 0.3445176752546435 0.11295418641390205 0.08508088675853805
0 0.3278041074249605 0.4616536848412223 0.0995260663507109 0.05452366686638706
0 0.4873617693522907 0.4592570401437987 0.09794628751974724 0.05572198921509886
0 0.6646919431279621 0.4616536848412223 0.11453396524486571 0.08088675853804674
