0 0.23696682464454977 0.17735170760934693 0.18799368088467613 0.04793289394847214
0 0.4861769352290679 0.15098861593768725 0.2551342812006319 0.09346914319952067
0 0.759083728278041 0.17405632115038946 0.19273301737756715 0.053325344517675254
0 0.30450236966824645 0.36369083283403236 0.05608214849921011 0.017974835230677052
0 0.3048973143759874 0.3915518274415818 0.052132701421800945 0.02456560814859197
0 0.3068720379146919 0.42420611144397846 0.05766192733017377 0.03235470341521869
0 0.30726698262243285 0.45146794487717196 0.06477093206951026 0.02456560814859197
0 0.3084518167456556 0.4787297783103655 0.0703001579778831 0.03115638106650689
0 0.30529225908372826 0.5098861593768724 0.0339652448657188 0.03115638106650689
0 0.3037124802527646 0.5434391851408029 0.06240126382306477 0.035949670461354104
0 0.3068720379146919 0.5820850808867586 0.07977883096366509 0.04254044337926902
0 0.30529225908372826 0.6213301378070701 0.060821484992101105 0.03834631515877771
0 0.30647709320695105 0.6611743559017376 0.07266982622432859 0.04373876572798083
0 0.3033175355450237 0.70760934691432 0.07266982622432859 0.04913121629718394
