0 0.37717219589257506 0.14289994008388257 0.16666666666666666 0.12162971839424805
0 0.6196682464454977 0.1431995206710605 0.16824644549763032 0.12342720191731577
0 0.3009478672985782 0.2810065907729179 0.10268562401263823 0.046734571599760334
0 0.6710110584518167 0.2810065907729179 0.19352290679304898 0.04074295985620132
0 0.34834123222748814 0.33283403235470344 0.20063191153238547 0.04254044337926902
0 0.6702211690363349 0.33283403235470344 0.19352290679304898 0.04373876572798083
0 0.636255924170616 0.38376273217495505 0.1240126382306477 0.04493708807669263
0 0.3424170616113744 0.384361893349311 0.18562401263823064 0.04373876572798083
0 0.34162717219589256 0.4355901737567406 0.1872037914691943 0.04313960455362493
0 0.6567930489731437 0.4358897543439185 0.16666666666666666 0.04254044337926902
0 0.6923380726698262 0.488016776512882 0.23933649289099526 0.04134212103055722
0 0.3420221169036335 0.48711803475134813 0.18641390205371247 0.04433792690233673
0 0.34162717219589256 0.54823247453565 0.18404423380726698 0.052726183343319355
0 0.655608214849921 0.548831635710006 0.16587677725118483 0.06470940683043738
0 0.6642969984202212 0.6105452366686639 0.18009478672985782 0.04313960455362493
0 0.6619273301737757 0.6659676452965848 0.17851500789889416 0.04493708807669263
0 0.6350710900473934 0.7327741162372678 0.1263823064770932 0.05032953864589575
0 0.3499210110584518 0.6656680647094069 0.20063191153238547 0.05512282804074296
0 0.3420221169036335 0.6111443978430198 0.18799368088467613 0.04074295985620132
0 0.3617693522906793 0.7336728579988017 0.2259083728278041 0.0665068903535051
0 0.3692733017377567 0.799281006590773 0.2424960505529226 0.05032953864589575
