0 0.4976303317535545 0.1671659676452966 0.12322274881516587 0.09826243259436789
0 0.443127962085308 0.280407429598562 0.03317535545023697 0.021569802276812464
0 0.4439178515007899 0.3097663271420012 0.037914691943127965 0.022768124625524265
0 0.4439178515007899 0.33882564409826244 0.03475513428120063 0.022168963451168366
0 0.443127962085308 0.3669862192929898 0.036334913112164295 0.023367285799880167
0 0.44154818325434436 0.3975434391851408 0.036334913112164295 0.02456560814859197
0 0.3823064770932069 0.39484721390053923 0.03949447077409163 0.025164769322947873
0 0.44352290679304895 0.42720191731575796 0.035545023696682464 0.02396644697423607
0 0.443127962085308 0.4580587177950869 0.03317535545023697 0.022168963451168366
0 0.44273301737756715 0.48831635710005994 0.0339652448657188 0.022768124625524265
0 0.38072669826224326 0.42720191731575796 0.03949447077409163 0.02396644697423607
0 0.3830963665086888 0.4568603954463751 0.037914691943127965 0.022168963451168366
0 0.38270142180094785 0.487717195925704 0.038704581358609796 0.025164769322947873
0 0.44747235387045814 0.5191731575793889 0.038704581358609796 0.023367285799880167
0 0.4458925750394945 0.5766926303175555 0.038704581358609796 0.023367285799880167
0 0.4458925750394945 0.549131216297184 0.04186413902053712 0.022168963451168366
0 0.4423380726698262 0.6057519472738166 0.03949447077409163 0.021569802276812464
