0 0.165086887835703 0.20041941282204914 0.12480252764612954 0.08088675853804674
0 0.34083728278041076 0.2019173157579389 0.1524486571879937 0.08148591971240264
0 0.6015007898894155 0.13091671659676454 0.08293838862559241 0.04373876572798083
0 0.7377567140600316 0.12762133013780708 0.08056872037914692 0.04433792690233673
0 0.8621642969984202 0.13391252246854404 0.07503949447077408 0.020970641102456562
0 0.7989731437598736 0.20730976632714201 0.13665086887835703 0.07908927501497903
0 0.618088467614534 0.20940683043738767 0.1287519747235387 0.07369682444577591
0 0.8605845181674565 0.3178550029958059 0.06714060031595577 0.029358897543439184
0 0.8716429699842022 0.35110844817255843 0.0924170616113744 0.02756141402037148
0 0.7298578199052133 0.3702816057519473 0.0679304897314376 0.025164769322947873
0 0.7270932069510269 0.3436189334931097 0.06398104265402843 0.022168963451168366
0 0.7342022116903634 0.31845416417016176 0.0655608214849921 0.02696225284601558
0 0.5813586097946287 0.34421809466746556 0.052132701421800945 0.02456560814859197
0 0.5837282780410742 0.3211503894547633 0.06003159557661927 0.017974835230677052
0 0.5892575039494471 0.37417615338526067 0.07266982622432859 0.019772318753744758
0 0.41113744075829384 0.3262432594367885 0.14454976303317535 0.053325344517675254
0 0.20221169036334913 0.3244457759137208 0.23854660347551343 0.1024565608148592
0 0.14257503949447078 0.43019772318753746 0.11927330173775672 0.11264230077890953
0 0.2721169036334913 0.4379868184541642 0.11453396524486571 0.08987417615338526
0 0.40086887835703 0.4346914319952067 0.14454976303317535 0.08807669263031756
0 0.5853080568720379 0.5227681246255242 0.12006319115323855 0.05212702216896345
0 0.7626382306477093 0.5071899340922709 0.17140600315955765 0.08208508088675855
0 0.6003159557661927 0.6312162971839425 0.15323854660347552 0.09286998202516478
