0 0.1382306477093207 0.43079688436189334 0.11058451816745656 0.10665068903535051
0 0.25631911532385465 0.4316956261234272 0.11137440758293839 0.10365488316357101
0 0.429304897314376 0.38915518274415817 0.10347551342812006 0.028160575194727384
0 0.4214060031595577 0.42300778909526665 0.11769352290679305 0.039544637507489516
0 0.4344391785150079 0.4622528460155782 0.09320695102685624 0.03894547633313361
0 0.42101105845181674 0.5029958058717795 0.12006319115323855 0.040143798681845415
0 0.36334913112164297 0.6393049730377471 0.1358609794628752 0.11863391252246855
0 0.2018167456556082 0.6417016177351708 0.13665086887835703 0.11384062312762133
0 0.5857030015797788 0.5724985020970641 0.1382306477093207 0.12402636309167166
0 0.7286729857819905 0.5742959856201318 0.09083728278041074 0.06890353505092871
0 0.6828593996840442 0.6935290593169563 0.09873617693522907 0.06530856800479329
0 0.5505529225908373 0.694727381665668 0.07266982622432859 0.06171360095865788
0 0.8479462875197472 0.5689035350509287 0.1334913112164297 0.07489514679448772
0 0.8436018957345971 0.6941282204913122 0.1358609794628752 0.06411024565608149
