0 0.15323854660347552 0.12222887956860395 0.13902053712480253 0.04074295985620132
0 0.30055292259083727 0.12492510485320552 0.09399684044233807 0.0329538645895746
0 0.48854660347551343 0.1201318154583583 0.18562401263823064 0.03774715398442181
0 0.7215639810426541 0.11983223487118035 0.17772511848341233 0.03714799281006591
0 0.49960505529225907 0.17465548232474537 0.21721958925750395 0.03654883163571001
0 0.2211690363349131 0.17555422408627921 0.17061611374407581 0.035949670461354104
0 0.7701421800947867 0.1731575793888556 0.23222748815165875 0.039544637507489516
0 0.7993680884676145 0.2249850209706411 0.2401263823064771 0.03654883163571001
0 0.5114533965244865 0.22618334331935291 0.23143759873617692 0.03654883163571001
0 0.5007898894154819 0.2780107849011384 0.20695102685624012 0.03834631515877771
0 0.24447077409162718 0.22618334331935291 0.24407582938388625 0.03774715398442181
0 0.24091627172195892 0.2762133013780707 0.2211690363349131 0.03834631515877771
0 0.28080568720379145 0.4221090473337328 0.11453396524486571 0.03654883163571001
0 0.14415481832543445 0.42091072498502097 0.10505529225908372 0.040143798681845415
0 0.4755134281200632 0.4227082085080887 0.18009478672985782 0.035350509286998205
0 0.7148499210110585 0.4224086279209107 0.18009478672985782 0.0347513481126423
0 0.6974723538704581 0.4724385859796285 0.2116903633491311 0.0329538645895746
0 0.45023696682464454 0.4712402636309167 0.16587677725118483 0.035350509286998205
0 0.21998420221169035 0.47094068304373876 0.179304897314376 0.035949670461354104
0 0.245260663507109 0.5233672857998802 0.2282780410742496 0.0329538645895746
0 0.5339652448657188 0.5209706411024566 0.2401263823064771 0.03774715398442181
0 0.8045023696682464 0.5230677052127022 0.2282780410742496 0.03834631515877771
0 0.7910742496050552 0.572798082684242 0.20458135860979462 0.035949670461354104
0 0.5240916271721959 0.572798082684242 0.21879936808846762 0.039544637507489516
0 0.25 0.572798082684242 0.23617693522906794 0.039544637507489516
0 0.3222748815165877 0.7097064110245657 0.2717219589257504 0.04373876572798083
0 0.6800947867298578 0.7049131216297184 0.24170616113744076 0.04134212103055722
