0 0.13191153238546605 0.11054523666866388 0.03475513428120063 0.029358897543439184
0 0.1891785150078989 0.11174355901737568 0.0339652448657188 0.03175554224086279
0 0.2480252764612954 0.11204313960455363 0.03949447077409163 0.033553025763930495
0 0.30529225908372826 0.11593768723786699 0.0339652448657188 0.035350509286998205
0 0.3593996840442338 0.11443978430197724 0.0315955766192733 0.03714799281006591
0 0.4146919431279621 0.11563810665068903 0.0315955766192733 0.0347513481126423
0 0.4032385466034755 0.21240263630916717 0.030805687203791468 0.035350509286998205
0 0.33886255924170616 0.21300179748352308 0.03475513428120063 0.0341521869382864
0 0.3428120063191153 0.2813061713600959 0.030015797788309637 0.03654883163571001
0 0.26421800947867297 0.2810065907729179 0.029225908372827805 0.028759736369083286
0 0.2725118483412322 0.21180347513481126 0.037914691943127965 0.03654883163571001
0 0.20458135860979462 0.2127022168963451 0.036334913112164295 0.029958058717795086
0 0.1919431279620853 0.27980826842420614 0.03475513428120063 0.03235470341521869
0 0.13744075829383887 0.21120431396045536 0.036334913112164295 0.029358897543439184
0 0.40086887835703 0.3678849610545237 0.060821484992101105 0.028759736369083286
0 0.3732227488151659 0.43828639904134215 0.05924170616113744 0.03055721989215099
0 0.2796208530805687 0.43918514080287596 0.0631911532385466 0.033553025763930495
0 0.3116113744075829 0.3663870581186339 0.060821484992101105 0.03175554224086279
0 0.22985781990521326 0.36848412222887955 0.05529225908372828 0.035949670461354104
0 0.179304897314376 0.43948472139005396 0.0631911532385466 0.03654883163571001
0 0.15086887835703 0.3693828639904134 0.05687203791469194 0.03774715398442181
0 0.2713270142180095 0.5314559616536848 0.06240126382306477 0.029958058717795086
0 0.36532385466034756 0.5320551228280408 0.06398104265402843 0.03235470341521869
0 0.38467614533965244 0.6186339125224686 0.08530805687203791 0.04373876572798083
0 0.2717219589257504 0.6183343319352906 0.08214849921011058 0.041941282204913125
0 0.15639810426540285 0.6183343319352906 0.08530805687203791 0.041941282204913125
0 0.17812006319115323 0.5311563810665069 0.06398104265402843 0.0329538645895746
