0 0.2772511848341232 0.1360095865787897 0.11216429699842022 0.05991611743559017
0 0.5157977883096366 0.1396045536249251 0.1311216429699842 0.06231276213301378
0 0.3862559241706161 0.15817855002995806 0.03949447077409163 0.017974835230677052
0 0.6749605055292259 0.1189334931096465 0.04186413902053712 0.03175554224086279
0 0.6773301737756714 0.1542840023966447 0.04028436018957346 0.03055721989215099
0 0.7373617693522907 0.19263031755542243 0.04818325434439179 0.018573996405032954
0 0.7413112164296999 0.21869382863990414 0.08451816745655608 0.017974835230677052
0 0.7251184834123222 0.24505692031156381 0.04107424960505529 0.016776512881965248
0 0.7255134281200631 0.2702216896345117 0.04186413902053712 0.017974835230677052
0 0.5525276461295419 0.23247453565008988 0.13033175355450236 0.06351108448172559
0 0.26816745655608215 0.23756740563211504 0.11927330173775672 0.046135410425404436
0 0.5778041074249605 0.41971240263630916 0.1066350710900474 0.053325344517675254
0 0.7930489731437599 0.4227082085080887 0.10110584518167456 0.053325344517675254
0 0.8436018957345971 0.49610545236668663 0.06951026856240126 0.039544637507489516
0 0.7187993680884676 0.49610545236668663 0.053712480252764615 0.039544637507489516
0 0.6066350710900474 0.49850209706411025 0.04897314375987362 0.0347513481126423
0 0.5703001579778831 0.5724985020970641 0.11690363349131122 0.04134212103055722
0 0.7946287519747235 0.5713001797483523 0.10426540284360189 0.059316956261234274
