0 0.37282780410742494 0.11234272019173158 0.0679304897314376 0.04134212103055722
0 0.38270142180094785 0.15218693828639904 0.1018957345971564 0.028759736369083286
0 0.37519747235387046 0.18394248052726184 0.03317535545023697 0.026363091671659677
0 0.3740126382306477 0.2201917315757939 0.04660347551342812 0.02696225284601558
0 0.25118483412322273 0.2055122828040743 0.12322274881516587 0.08867585380467347
0 0.5647709320695102 0.12133013780707011 0.04897314375987362 0.029358897543439184
0 0.6512638230647709 0.2696225284601558 0.10031595576619273 0.02756141402037148
0 0.7306477093206951 0.29478729778310364 0.0679304897314376 0.02756141402037148
0 0.7531595576619273 0.3409227082085081 0.05608214849921011 0.039544637507489516
0 0.7282780410742496 0.38076692630317555 0.04739336492890995 0.03055721989215099
0 0.6773301737756714 0.39634511683642903 0.052922590837282776 0.03175554224086279
0 0.6141390205371248 0.38705811863391254 0.054502369668246446 0.0347513481126423
0 0.6639020537124802 0.3457159976033553 0.04818325434439179 0.033553025763930495
0 0.6635071090047393 0.30946674655482326 0.0315955766192733 0.023367285799880167
0 0.6165086887835702 0.3130617136009587 0.030805687203791468 0.018573996405032954
0 0.5971563981042654 0.34541641701617737 0.044233807266982623 0.029358897543439184
0 0.37519747235387046 0.24685440383463153 0.04107424960505529 0.011983223487118035
0 0.5766192733017378 0.31755542240862794 0.0315955766192733 0.011983223487118035
0 0.6113744075829384 0.4685440383463152 0.20063191153238547 0.05512282804074296
0 0.6113744075829384 0.5287597363690832 0.19747235387045814 0.05572198921509886
0 0.6670616113744076 0.5961653684841223 0.060821484992101105 0.033553025763930495
0 0.6714060031595577 0.6578789694427801 0.07266982622432859 0.029958058717795086
0 0.5979462875197472 0.5964649490713002 0.06477093206951026 0.03175554224086279
0 0.5248815165876777 0.5958657878969443 0.06872037914691943 0.0329538645895746
0 0.44786729857819907 0.5967645296584781 0.06477093206951026 0.033553025763930495
0 0.37756714060031593 0.5967645296584781 0.061611374407582936 0.03115638106650689
0 0.3744075829383886 0.6545835829838227 0.05845181674565561 0.029358897543439184
0 0.4510268562401264 0.6563810665068903 0.06951026856240126 0.03175554224086279
0 0.5268562401263823 0.6554823247453565 0.06477093206951026 0.028759736369083286
0 0.5995260663507109 0.6560814859197124 0.0679304897314376 0.03115638106650689
0 0.5872827804107424 0.7171959257040144 0.10979462875197472 0.0347513481126423
0 0.481042654028436 0.7177950868783703 0.08688783570300158 0.035949670461354104
0 0.3823064770932069 0.7165967645296585 0.07740916271721959 0.0347513481126423
