0 0.18325434439178515 0.14469742360695026 0.05845181674565561 0.04254044337926902
0 0.3013428120063191 0.13690832834032354 0.07345971563981042 0.06291192330736968
0 0.4352290679304897 0.1384062312762133 0.0631911532385466 0.0659077291791492
0 0.5556872037914692 0.14589574595566207 0.06240126382306477 0.08088675853804674
0 0.6777251184834123 0.14140203714799282 0.061611374407582936 0.07309766327142002
0 0.7950236966824644 0.13930497303774717 0.05924170616113744 0.0701018573996405
0 0.8048973143759873 0.28400239664469745 0.08214849921011058 0.08508088675853805
0 0.8045023696682464 0.38585979628520073 0.08135860979462875 0.08867585380467347
0 0.593996840442338 0.27890952666267227 0.1484992101105845 0.1012582384661474
0 0.5904423380726698 0.38406231276213304 0.14928909952606634 0.10545236668663871
0 0.35150078988941547 0.2860994607549431 0.14533965244865718 0.09167165967645297
0 0.34834123222748814 0.3915518274415818 0.1484992101105845 0.08927501497902936
