0 0.1848341232227488 0.16297183942480528 0.12322274881516587 0.13061713600958658
0 0.4731437598736177 0.1554823247453565 0.12480252764612954 0.1324146195326543
0 0.7555292259083728 0.1518873576992211 0.12559241706161137 0.13001797483523067
0 0.7634281200631912 0.22977831036548832 0.04976303317535545 0.016177351707609346
0 0.4233807266982622 0.23936488915518275 0.04897314375987362 0.014979029358897543
0 0.4174565560821485 0.28579988016776514 0.06398104265402843 0.02396644697423607
0 0.3226698262243286 0.3822648292390653 0.16350710900473933 0.07789095266626722
0 0.580173775671406 0.378370281605752 0.14770932069510267 0.08568004793289395
0 0.7910742496050552 0.37417615338526067 0.14928909952606634 0.08568004793289395
0 0.7954186413902053 0.5050928699820252 0.20221169036334913 0.07669263031755542
0 0.5631911532385466 0.5038945476333134 0.11532385466034754 0.05991611743559017
0 0.358609794628752 0.5134811264230078 0.1358609794628752 0.1006590772917915
0 0.16587677725118483 0.5113840623127621 0.12164296998420221 0.09286998202516478
0 0.29462875197472355 0.6315158777711204 0.10268562401263823 0.05991611743559017
0 0.16864139020537125 0.6309167165967645 0.11611374407582938 0.04793289394847214
0 0.5643759873617693 0.6291192330736969 0.1334913112164297 0.08148591971240264
0 0.7910742496050552 0.6297183942480528 0.15876777251184834 0.09227082085080887
