0 0.18285939968404424 0.14949071300179748 0.08767772511848342 0.048532055122828044
0 0.27093206951026855 0.16866387058118634 0.05529225908372828 0.02456560814859197
0 0.3933649289099526 0.1542840023966447 0.13902053712480253 0.08568004793289395
0 0.6212480252764613 0.15338526063511085 0.174565560821485 0.09586578789694428
0 0.8266192733017378 0.1336129418813661 0.06240126382306477 0.039544637507489516
0 0.7294628751974723 0.2896944278010785 0.1429699842022117 0.08568004793289395
0 0.8313586097946287 0.298681845416417 0.08135860979462875 0.06051527860994608
0 0.4972353870458136 0.28759736369083283 0.19826224328593997 0.09466746554823248
0 0.22946287519747235 0.28190533253445177 0.18404423380726698 0.09766327142001198
0 0.7227488151658767 0.49790293588975437 0.1990521327014218 0.09826243259436789
0 0.4842022116903633 0.48921509886159376 0.13902053712480253 0.06291192330736968
0 0.4755134281200632 0.6009586578789694 0.18325434439178515 0.0994607549430797
0 0.30529225908372826 0.4994008388256441 0.08293838862559241 0.06171360095865788
0 0.2160347551342812 0.4916117435590174 0.08767772511848342 0.04973037747153985
