0 0.49881516587677727 0.15638106650689035 0.16192733017377567 0.07908927501497903
0 0.3179304897314376 0.26123427201917315 0.045023696682464455 0.019173157579388856
0 0.3175355450236967 0.28789694427801077 0.044233807266982623 0.020970641102456562
0 0.3175355450236967 0.31246255242660276 0.044233807266982623 0.019772318753744758
0 0.3187203791469194 0.33493109646494906 0.04344391785150079 0.016776512881965248
0 0.3187203791469194 0.3550029958058718 0.04818325434439179 0.018573996405032954
0 0.3234597156398104 0.3804673457159976 0.04344391785150079 0.021569802276812464
0 0.5 0.54823247453565 0.1627172195892575 0.08268424206111444
0 0.3203001579778831 0.6533852606351108 0.03238546603475513 0.01378070701018574
0 0.31990521327014215 0.677052127022169 0.037914691943127965 0.021569802276812464
0 0.320695102685624 0.7025164769322948 0.042654028436018954 0.025763930497303775
0 0.31911532385466035 0.7300778909526663 0.030015797788309637 0.019772318753744758
0 0.3195102685624013 0.7546434991012583 0.04660347551342812 0.023367285799880167
0 0.3203001579778831 0.7795086878370282 0.02764612954186414 0.019173157579388856
