0 0.47472353870458134 0.12552426602756142 0.09794628751974724 0.0341521869382864
0 0.4731437598736177 0.17106051527860994 0.042654028436018954 0.04254044337926902
0 0.47274881516587675 0.21809466746554823 0.03712480252764613 0.041941282204913125
0 0.4731437598736177 0.26333133612941884 0.037914691943127965 0.04134212103055722
0 0.47235387045813587 0.31455961653684844 0.03949447077409163 0.04553624925104853
0 0.47195892575039494 0.3615937687237867 0.03712480252764613 0.04254044337926902
0 0.47393364928909953 0.41761533852606353 0.04897314375987362 0.05392450569203116
0 0.47274881516587675 0.47723187537447576 0.04028436018957346 0.048532055122828044
0 0.47235387045813587 0.5287597363690832 0.037914691943127965 0.03894547633313361
0 0.47235387045813587 0.5769922109047334 0.037914691943127965 0.04433792690233673
0 0.471563981042654 0.6315158777711204 0.036334913112164295 0.052726183343319355
0 0.47235387045813587 0.6854403834631516 0.036334913112164295 0.04433792690233673
0 0.3518957345971564 0.7920910724985021 0.07503949447077408 0.02756141402037148
0 0.3522906793048973 0.8496105452366687 0.037914691943127965 0.025164769322947873
0 0.3499210110584518 0.8795686039544638 0.052132701421800945 0.021569802276812464
0 0.35031595576619273 0.9101258238466148 0.054502369668246446 0.028759736369083286
