0 0.2812006319115324 0.16207309766327144 0.16429699842022116 0.08807669263031756
0 0.2815955766192733 0.26423007789095265 0.04344391785150079 0.03834631515877771
0 0.2812006319115324 0.3274415817855003 0.09320695102685624 0.0341521869382864
0 0.2823854660347551 0.402636309167166 0.05924170616113744 0.033553025763930495
0 0.2812006319115324 0.4427801078490114 0.07424960505529225 0.035949670461354104
0 0.2819905213270142 0.48621929298981426 0.08846761453396525 0.03654883163571001
0 0.2804107424960505 0.5383463151587777 0.11058451816745656 0.05212702216896345
0 0.28278041074249605 0.5997603355302576 0.10900473933649289 0.05512282804074296
0 0.2819905213270142 0.6599760335530258 0.1263823064770932 0.03654883163571001
0 0.28278041074249605 0.7246854403834632 0.08846761453396525 0.0713001797483523
0 0.278436018957346 0.7941881366087478 0.1240126382306477 0.05212702216896345
0 0.283175355450237 0.8448172558418214 0.1240126382306477 0.0347513481126423
0 0.2859399684044234 0.8978430197723187 0.14218009478672985 0.05572198921509886
