0 0.34083728278041076 0.15757938885560216 0.06398104265402843 0.0347513481126423
0 0.33570300157977884 0.19203115638106652 0.04739336492890995 0.02696225284601558
0 0.3380726698262243 0.22348711803475135 0.052132701421800945 0.025164769322947873
0 0.3380726698262243 0.25344517675254646 0.053712480252764615 0.025164769322947873
0 0.3400473933649289 0.28070701018573996 0.052922590837282776 0.022168963451168366
0 0.3392575039494471 0.3079688436189335 0.052922590837282776 0.022768124625524265
0 0.3392575039494471 0.3367285799880168 0.052922590837282776 0.022768124625524265
0 0.3447867298578199 0.3681845416417016 0.07345971563981042 0.03055721989215099
0 0.34083728278041076 0.41132414619532653 0.05608214849921011 0.040143798681845415
0 0.34083728278041076 0.45865787896944277 0.05766192733017377 0.04493708807669263
