0 0.24289099526066352 0.13571000599161176 0.11769352290679305 0.08568004793289395
0 0.391390205371248 0.13421210305572198 0.10979462875197472 0.09706411024565609
0 0.5509478672985781 0.13271420011983223 0.09083728278041074 0.10605152786099462
0 0.7282780410742496 0.13331336129418814 0.10426540284360189 0.10724985020970641
0 0.7270932069510269 0.27890952666267227 0.17614533965244866 0.0665068903535051
0 0.5521327014218009 0.27860994607549433 0.1358609794628752 0.046734571599760334
0 0.39060031595576616 0.27950868783702815 0.1382306477093207 0.05212702216896345
0 0.24289099526066352 0.2774116237267825 0.12085308056872038 0.08388256440982625
0 0.31990521327014215 0.4520671060515279 0.13428120063191154 0.04134212103055722
0 0.4759083728278041 0.445176752546435 0.13507109004739337 0.04313960455362493
0 0.627172195892575 0.45026962252846015 0.1358609794628752 0.040143798681845415
0 0.3033175355450237 0.5763930497303775 0.13902053712480253 0.05152786099460755
0 0.4940758293838862 0.5665068903535051 0.1334913112164297 0.053325344517675254
0 0.6619273301737757 0.5724985020970641 0.13428120063191154 0.048532055122828044
