0 0.2835703001579779 0.1189334931096465 0.12480252764612954 0.07369682444577591
0 0.45734597156398105 0.12492510485320552 0.13270142180094788 0.08687837028160575
0 0.6864139020537124 0.11264230077890953 0.22274881516587677 0.052726183343319355
0 0.6749605055292259 0.31665668064709407 0.19510268562401265 0.09286998202516478
0 0.3033175355450237 0.2983822648292391 0.23854660347551343 0.09826243259436789
0 0.2938388625592417 0.4487717195925704 0.2211690363349131 0.08867585380467347
0 0.3325434439178515 0.5377471539844219 0.07898894154818326 0.04254044337926902
0 0.5229067930489731 0.45446375074895146 0.17851500789889416 0.12282804074295986
0 0.7219589257503949 0.457459556620731 0.19273301737756715 0.07489514679448772
0 0.7033965244865719 0.6066506890353506 0.174565560821485 0.07249850209706411
