0 0.2839652448657188 0.3376273217495506 0.165086887835703 0.07849011384062313
0 0.2839652448657188 0.3376273217495506 0.165086887835703 0.07849011384062313
0 0.4225908372827804 0.3897543439185141 0.12164296998420221 0.07729179149191133
0 0.4206161137440758 0.4706411024565608 0.09557661927330173 0.06530856800479329
0 0.29976303317535546 0.42660275614140203 0.13033175355450236 0.06111443978430198
0 0.1749605055292259 0.4736369083283403 0.14139020537124802 0.07729179149191133
0 0.16350710900473933 0.3690832834032355 0.15639810426540285 0.07669263031755542
0 0.4221958925750395 0.6396045536249251 0.16350710900473933 0.08328340323547034
0 0.5770142180094787 0.6402037147992811 0.16824644549763032 0.08328340323547034
0 0.7156398104265402 0.6402037147992811 0.15323854660347552 0.08208508088675855
0 0.717219589257504 0.7672258837627322 0.14218009478672985 0.08208508088675855
0 0.7223538704581358 0.8511084481725585 0.16350710900473933 0.08088675853804674
0 0.5912322274881516 0.8508088675853804 0.179304897314376 0.08148591971240264
0 0.5734597156398105 0.768424206111444 0.14533965244865718 0.08088675853804674
0 0.4166666666666667 0.7678250449370881 0.14454976303317535 0.08208508088675855
0 0.42812006319115326 0.8514080287597364 0.18009478672985782 0.08148591971240264
0 0.2626382306477093 0.7564409826243259 0.1382306477093207 0.06411024565608149
