0 0.14218009478672985 0.14589574595566207 0.09162717219589257 0.056920311563810666
0 0.3353080568720379 0.14559616536848413 0.08925750394944708 0.05632115038945477
0 0.3274091627172196 0.22109047333732776 0.08609794628751975 0.05632115038945477
0 0.1457345971563981 0.2207908927501498 0.08925750394944708 0.05572198921509886
0 0.15600315955766192 0.30946674655482326 0.09083728278041074 0.08328340323547034
0 0.3937598736176935 0.3202516476932295 0.14770932069510267 0.10005991611743559
0 0.5643759873617693 0.13451168364289995 0.07977883096366509 0.04254044337926902
0 0.6986571879936809 0.14110245656081485 0.1018957345971564 0.056920311563810666
0 0.8515007898894155 0.1360095865787897 0.09004739336492891 0.06351108448172559
0 0.8554502369668247 0.21000599161174358 0.10268562401263823 0.05452366686638706
0 0.6540284360189573 0.21120431396045536 0.10110584518167456 0.05572198921509886
0 0.8033175355450237 0.323247453565009 0.17851500789889416 0.10005991611743559
0 0.6113744075829384 0.3148591971240264 0.0947867298578199 0.08927501497902936
0 0.5936018957345971 0.41761533852606353 0.029225908372827805 0.03714799281006591
0 0.7989731437598736 0.38286399041342123 0.04818325434439179 0.011983223487118035
0 0.7989731437598736 0.40443379269023366 0.04660347551342812 0.016776512881965248
0 0.8001579778830964 0.4284002396644698 0.05687203791469194 0.015578190533253445
0 0.7973933649289099 0.44847213900539246 0.052922590837282776 0.016177351707609346
