0 0.10939968404423381 0.12252846015578191 0.05134281200631911 0.029358897543439184
0 0.2353870458135861 0.12432594367884961 0.08214849921011058 0.03055721989215099
0 0.35545023696682465 0.12162971839424805 0.08530805687203791 0.03235470341521869
0 0.2531595576619273 0.17765128819652487 0.09557661927330173 0.0341521869382864
0 0.40205371248025273 0.23217495506291194 0.09636650868878358 0.0341521869382864
0 0.278436018957346 0.22887956860395448 0.06714060031595577 0.035949670461354104
0 0.18088467614533965 0.2342720191731576 0.044233807266982623 0.05032953864589575
0 0.10703001579778831 0.22977831036548832 0.04976303317535545 0.035350509286998205
0 0.12006319115323855 0.17914919113241462 0.0631911532385466 0.035949670461354104
0 0.1141390205371248 0.28370281605751946 0.045023696682464455 0.03175554224086279
0 0.25118483412322273 0.2834032354703415 0.11690363349131122 0.028759736369083286
0 0.41192733017377564 0.34002396644697425 0.10979462875197472 0.03654883163571001
0 0.26342812006319116 0.33822648292390656 0.1240126382306477 0.03055721989215099
0 0.13151658767772512 0.33403235470341525 0.09399684044233807 0.03175554224086279
0 0.1334913112164297 0.4538645895745956 0.08056872037914692 0.0329538645895746
0 0.2796208530805687 0.45356500898741764 0.09320695102685624 0.03235470341521869
0 0.42851500789889413 0.39125224685440385 0.11453396524486571 0.03714799281006591
0 0.28278041074249605 0.39005392450569204 0.09320695102685624 0.03714799281006591
0 0.1406003159557662 0.3897543439185141 0.11374407582938388 0.03774715398442181
