0 0.49921011058451814 0.15038945476333135 0.10900473933649289 0.08987417615338526
0 0.16943127962085308 0.24925104853205513 0.04186413902053712 0.016776512881965248
0 0.16864139020537125 0.26632714200119834 0.04660347551342812 0.016177351707609346
0 0.16943127962085308 0.2831036548831636 0.052922590837282776 0.018573996405032954
0 0.1702211690363349 0.3028759736369083 0.07977883096366509 0.022168963451168366
0 0.16943127962085308 0.3274415817855003 0.06240126382306477 0.022168963451168366
0 0.1702211690363349 0.35650089874176155 0.07187993680884676 0.026363091671659677
0 0.16903633491311215 0.3846614739364889 0.05529225908372828 0.025164769322947873
0 0.16864139020537125 0.40892750149790297 0.05608214849921011 0.016177351707609346
0 0.16824644549763032 0.42720191731575796 0.06635071090047394 0.02037147992810066
0 0.16864139020537125 0.4481725584182145 0.06240126382306477 0.019173157579388856
0 0.16943127962085308 0.4682444577591372 0.07345971563981042 0.023367285799880167
0 0.16864139020537125 0.4922109047333733 0.0655608214849921 0.025763930497303775
0 0.16903633491311215 0.5140802875973637 0.07424960505529225 0.019173157579388856
0 0.2507898894154818 0.536249251048532 0.0655608214849921 0.02037147992810066
0 0.25236966824644547 0.5569203115638107 0.06398104265402843 0.020970641102456562
0 0.25157977883096366 0.5745955662073098 0.030805687203791468 0.013181545835829839
0 0.2551342812006319 0.5967645296584781 0.07582938388625593 0.03115638106650689
