0 0.20734597156398105 0.23127621330137807 0.11769352290679305 0.04433792690233673
0 0.32385466034755134 0.20701018573996405 0.08688783570300158 0.048532055122828044
0 0.4352290679304897 0.2249850209706411 0.11690363349131122 0.04493708807669263
0 0.4127172195892575 0.31875374475733975 0.09557661927330173 0.0683043738765728
0 0.45023696682464454 0.3939484721390054 0.07424960505529225 0.035350509286998205
0 0.18641390205371247 0.3157579388855602 0.09320695102685624 0.05392450569203116
0 0.22235387045813584 0.3945476333133613 0.06872037914691943 0.029358897543439184
0 0.2989731437598736 0.3945476333133613 0.09399684044233807 0.0341521869382864
0 0.3669036334913112 0.39304973037747154 0.07977883096366509 0.039544637507489516
0 0.3704581358609795 0.5152786099460755 0.07740916271721959 0.11384062312762133
0 0.5450236966824644 0.5137807070101857 0.10584518167456555 0.15278609946075494
0 0.17338072669826224 0.524565608148592 0.06872037914691943 0.06051527860994608
0 0.744865718799368 0.2932893948472139 0.16903633491311215 0.07729179149191133
0 0.7488151658767772 0.1512881965248652 0.15165876777251186 0.08088675853804674
0 0.7432859399684044 0.4131216297183943 0.1674565560821485 0.08088675853804674
0 0.7468404423380727 0.548831635710006 0.1524486571879937 0.07908927501497903
