0 0.1481042654028436 0.15458358298382266 0.09083728278041074 0.08627920910724986
0 0.2744865718799368 0.15398442180946675 0.08925750394944708 0.08627920910724986
0 0.39731437598736175 0.15757938885560216 0.07740916271721959 0.07908927501497903
0 0.5244865718799367 0.15218693828639904 0.14375987361769352 0.09107249850209706
0 0.6872037914691943 0.16057519472738166 0.12322274881516587 0.07669263031755542
0 0.8368878357030015 0.15668064709406831 0.12085308056872038 0.08687837028160575
0 0.8416271721958926 0.27591372079089277 0.10821484992101106 0.08448172558418214
0 0.6868088467614534 0.27531455961653684 0.1240126382306477 0.08328340323547034
0 0.5221169036334913 0.27561414020371483 0.13902053712480253 0.1030557219892151
0 0.25908372827804105 0.28160575194727383 0.13428120063191154 0.07309766327142002
0 0.44747235387045814 0.49610545236668663 0.09873617693522907 0.10545236668663871
0 0.6674565560821485 0.5 0.1406003159557662 0.09047333732774117
0 0.8092417061611374 0.5026962252846016 0.08767772511848342 0.07789095266626722
0 0.31635071090047395 0.49850209706411025 0.09399684044233807 0.09706411024565609
0 0.1749605055292259 0.4970041941282205 0.11927330173775672 0.1012582384661474
