0 0.21248025276461296 0.20281605751947274 0.12796208530805686 0.09886159376872379
0 0.3854660347551343 0.2067106051527861 0.14691943127962084 0.08388256440982625
0 0.5750394944707741 0.21300179748352308 0.14691943127962084 0.11084481725584182
0 0.7618483412322274 0.20161773517076093 0.179304897314376 0.08687837028160575
0 0.7523696682464455 0.3927501497902936 0.14454976303317535 0.09167165967645297
0 0.5734597156398105 0.38825644098262435 0.12954186413902052 0.11264230077890953
0 0.3838862559241706 0.3786698621929299 0.11848341232227488 0.05152786099460755
0 0.2156398104265403 0.3927501497902936 0.13428120063191154 0.07489514679448772
0 0.3941548183254344 0.5662073097663272 0.18641390205371247 0.08627920910724986
0 0.22037914691943128 0.5662073097663272 0.13428120063191154 0.1030557219892151
