0 0.2819905213270142 0.13810665068903535 0.1263823064770932 0.04493708807669263
0 0.7148499210110585 0.1366087477531456 0.08846761453396525 0.03834631515877771
0 0.7369668246445498 0.21869382863990414 0.12480252764612954 0.035949670461354104
0 0.7393364928909952 0.26542840023966446 0.09004739336492891 0.039544637507489516
0 0.7373617693522907 0.3115638106650689 0.12559241706161137 0.035949670461354104
0 0.7377567140600316 0.3562013181545836 0.12322274881516587 0.0341521869382864
0 0.735781990521327 0.39904134212103054 0.12243285939968404 0.03235470341521869
0 0.7369668246445498 0.44637507489514683 0.12322274881516587 0.039544637507489516
0 0.7377567140600316 0.49251048532055125 0.12164296998420221 0.035949670461354104
0 0.7369668246445498 0.5368484122228879 0.12322274881516587 0.03834631515877771
0 0.7369668246445498 0.5826842420611145 0.12322274881516587 0.035350509286998205
0 0.7369668246445498 0.628220491312163 0.12322274881516587 0.03774715398442181
0 0.3305687203791469 0.2516476932294787 0.11611374407582938 0.0347513481126423
0 0.20260663507109006 0.21090473337327742 0.11453396524486571 0.03235470341521869
0 0.2018167456556082 0.2944877171959257 0.11769352290679305 0.0329538645895746
0 0.2033965244865719 0.3361294188136609 0.07661927330173776 0.035949670461354104
0 0.2018167456556082 0.3816656680647094 0.07819905213270142 0.04074295985620132
0 0.20221169036334913 0.4263031755542241 0.08688783570300158 0.0341521869382864
0 0.2018167456556082 0.46974236069502695 0.054502369668246446 0.033553025763930495
0 0.2018167456556082 0.512282804074296 0.11453396524486571 0.03235470341521869
