0 0.4976303317535545 0.13750748951467945 0.2211690363349131 0.0677052127022169
0 0.18759873617693523 0.26452965847813065 0.04344391785150079 0.020970641102456562
0 0.1895734597156398 0.29898142600359495 0.05055292259083728 0.03235470341521869
0 0.18759873617693523 0.3397243858597963 0.04660347551342812 0.0347513481126423
0 0.1895734597156398 0.38076692630317555 0.09320695102685624 0.03774715398442181
0 0.1891785150078989 0.4185140802875974 0.08767772511848342 0.040143798681845415
0 0.1872037914691943 0.45835829838226483 0.0631911532385466 0.03714799281006591
0 0.18562401263823064 0.4952067106051528 0.053712480252764615 0.029358897543439184
0 0.18641390205371247 0.5371479928100659 0.0679304897314376 0.035350509286998205
0 0.18996840442338073 0.5769922109047334 0.10979462875197472 0.0347513481126423
0 0.1872037914691943 0.6195326542840024 0.07582938388625593 0.04553624925104853
0 0.18601895734597157 0.6665668064709407 0.08925750394944708 0.035350509286998205
0 0.1891785150078989 0.7124026363091672 0.09557661927330173 0.03714799281006591
