0 0.11374407582938388 0.13331336129418814 0.036334913112164295 0.056920311563810666
0 0.17338072669826224 0.13421210305572198 0.06714060031595577 0.03115638106650689
0 0.28475513428120064 0.1431995206710605 0.09083728278041074 0.07549430796884363
0 0.3933649289099526 0.14469742360695026 0.08214849921011058 0.0677052127022169
0 0.415086887835703 0.2097064110245656 0.1066350710900474 0.029958058717795086
0 0.2796208530805687 0.2055122828040743 0.12164296998420221 0.035949670461354104
0 0.11137440758293839 0.39484721390053923 0.04897314375987362 0.07549430796884363
0 0.20576619273301738 0.3996405032953865 0.10347551342812006 0.05152786099460755
0 0.3854660347551343 0.35020970641102456 0.18641390205371247 0.05092869982025165
0 0.3815165876777251 0.40053924505692035 0.20063191153238547 0.05092869982025165
0 0.3858609794628752 0.45446375074895146 0.19352290679304898 0.05572198921509886
