0 0.4486571879936809 0.13571000599161176 0.13902053712480253 0.06530856800479329
0 0.6615323854660348 0.22528460155781907 0.13507109004739337 0.08148591971240264
0 0.5150078988941548 0.22618334331935291 0.15165876777251186 0.08088675853804674
0 0.6516587677725119 0.32534451767525463 0.15007898894154817 0.08148591971240264
0 0.6907582938388626 0.4316956261234272 0.14770932069510267 0.08208508088675855
0 0.5529225908372828 0.43199520671060515 0.1579778830963665 0.08148591971240264
0 0.4166666666666667 0.4325943678849611 0.13507109004739337 0.08268424206111444
0 0.3029225908372828 0.4313960455362493 0.14454976303317535 0.08268424206111444
0 0.410347551342812 0.32654284002396644 0.13981042654028436 0.08148591971240264
0 0.34123222748815163 0.22708208508088676 0.14218009478672985 0.08268424206111444
0 0.6022906793048973 0.5041941282204914 0.04186413902053712 0.03175554224086279
0 0.6200631911532385 0.5386458957459557 0.07582938388625593 0.028759736369083286
