0 0.2618483412322275 0.1749550629119233 0.09399684044233807 0.06351108448172559
0 0.4695892575039494 0.14110245656081485 0.1334913112164297 0.06530856800479329
0 0.46327014218009477 0.2055122828040743 0.13665086887835703 0.06470940683043738
0 0.6532385466034755 0.20341521869382864 0.11058451816745656 0.1012582384661474
0 0.40086887835703 0.33792690233672856 0.11295418641390205 0.07789095266626722
0 0.259478672985782 0.33792690233672856 0.09399684044233807 0.07789095266626722
0 0.2764612954186414 0.4421809466746555 0.12796208530805686 0.08148591971240264
0 0.45734597156398105 0.43918514080287596 0.09794628751974724 0.07789095266626722
0 0.6149289099526066 0.4376872378669862 0.12085308056872038 0.10605152786099462
0 0.5936018957345971 0.3301378070701019 0.18562401263823064 0.09346914319952067
0 0.23736176935229067 0.6120431396045536 0.08293838862559241 0.0329538645895746
0 0.3499210110584518 0.6165368484122229 0.09004739336492891 0.03714799281006591
0 0.47709320695102686 0.615937687237867 0.13428120063191154 0.05392450569203116
0 0.6725908372827804 0.6177351707609348 0.12717219589257503 0.05392450569203116
0 0.5655608214849921 0.6785500299580587 0.0995260663507109 0.08568004793289395
