0 0.3590047393364929 0.12462552426602756 0.21721958925750395 0.05032953864589575
0 0.6346761453396524 0.12402636309167166 0.15402843601895735 0.08747753145596165
0 0.7654028436018957 0.21989215098861595 0.20695102685624012 0.08867585380467347
0 0.5367298578199052 0.21509886159376873 0.20616113744075829 0.05991611743559017
0 0.6386255924170616 0.3301378070701019 0.23459715639810427 0.0695026962252846
0 0.3597946287519747 0.3262432594367885 0.2330173775671406 0.0677052127022169
0 0.2551342812006319 0.21569802276812464 0.2527646129541864 0.07429598562013182
0 0.24644549763033174 0.542240862792091 0.11690363349131122 0.04913121629718394
0 0.4849921011058452 0.5062911923307369 0.2037914691943128 0.07789095266626722
0 0.7361769352290679 0.5056920311563811 0.15955766192733017 0.0659077291791492
0 0.7369668246445498 0.6177351707609348 0.1579778830963665 0.06470940683043738
0 0.5015797788309636 0.6150389454763332 0.1627172195892575 0.06411024565608149
0 0.6425750394944708 0.7411623726782505 0.18088467614533965 0.0659077291791492
0 0.40916271721958924 0.7396644697423607 0.17061611374407581 0.06890353505092871
