0 0.1386255924170616 0.12852007189934092 0.07187993680884676 0.04733373277411624
0 0.28278041074249605 0.13031755542240864 0.10426540284360189 0.053325344517675254
0 0.4107424960505529 0.13031755542240864 0.10426540284360189 0.053325344517675254
0 0.3518957345971564 0.2171959257040144 0.10505529225908372 0.07249850209706411
0 0.19470774091627172 0.21509886159376873 0.07345971563981042 0.07549430796884363
0 0.5667456556082149 0.140203714799281 0.1066350710900474 0.07309766327142002
0 0.7128751974723538 0.14050329538645895 0.09873617693522907 0.07369682444577591
0 0.8661137440758294 0.14050329538645895 0.09873617693522907 0.07369682444577591
0 0.42496050552922593 0.37297783103654886 0.11374407582938388 0.053325344517675254
0 0.2693522906793049 0.37477531455961655 0.0947867298578199 0.053325344517675254
0 0.12717219589257503 0.3756740563211504 0.09320695102685624 0.05392450569203116
