0 0.2871248025276461 0.1324146195326543 0.09399684044233807 0.03714799281006591
0 0.48854660347551343 0.13091671659676454 0.10505529225908372 0.048532055122828044
0 0.7089257503949447 0.13151587777112042 0.10505529225908372 0.05092869982025165
0 0.7049763033175356 0.31006590772917914 0.10347551342812006 0.053325344517675254
0 0.4782780410742496 0.31066506890353507 0.10347551342812006 0.048532055122828044
0 0.2764612954186414 0.31066506890353507 0.09004739336492891 0.035350509286998205
0 0.48657187993680884 0.4616536848412223 0.12164296998420221 0.04973037747153985
0 0.7116903633491312 0.4616536848412223 0.11848341232227488 0.05452366686638706
0 0.2804107424960505 0.45895745955662076 0.09162717219589257 0.039544637507489516
0 0.712085308056872 0.6132414619532655 0.11927330173775672 0.05452366686638706
0 0.49881516587677727 0.6132414619532655 0.11927330173775672 0.05092869982025165
0 0.28988941548183256 0.6111443978430198 0.0947867298578199 0.04074295985620132
