0 0.1623222748815166 0.14140203714799282 0.1429699842022117 0.05991611743559017
0 0.37203791469194314 0.1426003594967046 0.1627172195892575 0.05871779508687837
0 0.5722748815165877 0.1426003594967046 0.16350710900473933 0.07549430796884363
0 0.7981832543443917 0.14619532654284004 0.16192733017377567 0.07309766327142002
0 0.7527646129541864 0.23996405032953866 0.21484992101105846 0.08687837028160575
0 0.7997630331753555 0.34601557819053325 0.22037914691943128 0.09526662672258839
0 0.495260663507109 0.23636908328340325 0.17535545023696683 0.08687837028160575
0 0.24605055292259084 0.23547034152186938 0.17298578199052134 0.08627920910724986
0 0.2377567140600316 0.3385260635110845 0.21642969984202212 0.08627920910724986
0 0.5213270142180094 0.3463151587777112 0.2211690363349131 0.09466746554823248
0 0.3838862559241706 0.4427801078490114 0.06477093206951026 0.015578190533253445
0 0.38270142180094785 0.4682444577591372 0.0655608214849921 0.01378070701018574
0 0.3783570300157978 0.4922109047333733 0.06003159557661927 0.016177351707609346
0 0.37717219589257506 0.5203714799281006 0.05924170616113744 0.023367285799880167
0 0.3811216429699842 0.5518274415817855 0.04818325434439179 0.03235470341521869
0 0.3862559241706161 0.5895745955662073 0.07109004739336493 0.0347513481126423
0 0.5797788309636651 0.4487717195925704 0.0631911532385466 0.033553025763930495
0 0.5821484992101106 0.4829239065308568 0.07898894154818326 0.03235470341521869
0 0.5809636650868878 0.5164769322947873 0.08135860979462875 0.03235470341521869
0 0.5813586097946287 0.5515278609946076 0.07740916271721959 0.03175554224086279
0 0.806872037914692 0.4499700419412822 0.07819905213270142 0.03115638106650689
0 0.8060821484992101 0.48502097064110244 0.08135860979462875 0.0341521869382864
