0 0.2282780410742496 0.2813061713600959 0.08688783570300158 0.05572198921509886
0 0.2282780410742496 0.35050928699820255 0.07266982622432859 0.0659077291791492
0 0.4565560821484992 0.4403834631515878 0.08372827804107424 0.03235470341521869
0 0.5225118483412322 0.43499101258238465 0.038704581358609796 0.05152786099460755
0 0.5106635071090048 0.48741761533852607 0.05766192733017377 0.0329538645895746
0 0.44826224328593994 0.4868184541641702 0.04818325434439179 0.04373876572798083
0 0.6370458135860979 0.42959856201318153 0.07345971563981042 0.04553624925104853
0 0.7148499210110585 0.4322947872977831 0.07582938388625593 0.06051527860994608
0 0.7879146919431279 0.4379868184541642 0.06714060031595577 0.0683043738765728
0 0.6560031595576619 0.4856201318154584 0.05134281200631911 0.03894547633313361
0 0.2665876777251185 0.701617735170761 0.07345971563981042 0.03235470341521869
0 0.18364928909952608 0.7022168963451169 0.06240126382306477 0.03115638106650689
0 0.23222748815165875 0.7678250449370881 0.16113744075829384 0.05212702216896345
0 0.2559241706161137 0.8217495506291193 0.0631911532385466 0.0341521869382864
0 0.2606635071090047 0.878070701018574 0.09794628751974724 0.04134212103055722
