0 0.2705371248025276 0.17765128819652487 0.16824644549763032 0.04973037747153985
0 0.24842022116903634 0.24056321150389456 0.12717219589257503 0.05452366686638706
0 0.27527646129541866 0.3085680047932894 0.18246445497630331 0.05751947273816657
0 0.25552922590837285 0.37177950868783705 0.13665086887835703 0.05212702216896345
0 0.25434439178515006 0.4325943678849611 0.13744075829383887 0.05152786099460755
0 0.2578988941548183 0.4982025164769323 0.14454976303317535 0.06171360095865788
0 0.24842022116903634 0.5662073097663272 0.12243285939968404 0.05032953864589575
0 0.23736176935229067 0.6276213301378071 0.10347551342812006 0.05092869982025165
0 0.2713270142180095 0.6938286399041342 0.17140600315955765 0.052726183343319355
0 0.2665876777251185 0.762732174955063 0.15718799368088468 0.052726183343319355
0 0.25039494470774093 0.8352306770521271 0.12796208530805686 0.05032953864589575
0 0.24328593996840442 0.9056321150389455 0.12006319115323855 0.053325344517675254
