0 0.2476303317535545 0.1431995206710605 0.07345971563981042 0.046734571599760334
0 0.38941548183254343 0.13571000599161176 0.10268562401263823 0.059316956261234274
0 0.5541074249605055 0.1354104254044338 0.11927330173775672 0.05991611743559017
0 0.7294628751974723 0.13421210305572198 0.11769352290679305 0.05871779508687837
0 0.7207740916271722 0.23397243858597963 0.10505529225908372 0.06890353505092871
0 0.5225118483412322 0.23337327741162373 0.06714060031595577 0.0677052127022169
0 0.34755134281200634 0.23517076093469144 0.06635071090047394 0.048532055122828044
0 0.24091627172195892 0.23157579388855604 0.0631911532385466 0.04134212103055722
0 0.6283570300157978 0.3915518274415818 0.11927330173775672 0.06051527860994608
0 0.7061611374407583 0.47843019772318757 0.16113744075829384 0.07849011384062313
