0 0.37006319115323855 0.12252846015578191 0.26619273301737756 0.08208508088675855
0 0.6346761453396524 0.12342720191731577 0.2519747235387046 0.08148591971240264
0 0.28870458135860977 0.29298981426003595 0.20458135860979462 0.08627920910724986
0 0.48578199052132703 0.2935889754343919 0.21642969984202212 0.08747753145596165
0 0.6769352290679305 0.2944877171959257 0.22432859399684044 0.08807669263031756
0 0.29660347551342814 0.38526063511084485 0.21721958925750395 0.07429598562013182
0 0.5055292259083728 0.3876572798082684 0.2211690363349131 0.07908927501497903
0 0.693522906793049 0.3876572798082684 0.22432859399684044 0.07908927501497903
0 0.3104265402843602 0.4793289394847214 0.19115323854660346 0.07789095266626722
0 0.5086887835703001 0.48082684242061113 0.20853080568720378 0.07968843618933494
0 0.7022116903633491 0.48022768124625526 0.21958925750394945 0.08088675853804674
0 0.5268562401263823 0.5748951467944877 0.2575039494470774 0.07968843618933494
0 0.2910742496050553 0.5769922109047334 0.20458135860979462 0.08148591971240264
