0 0.28988941548183256 0.14649490713001798 0.12480252764612954 0.06530856800479329
0 0.4640600315955766 0.10005991611743559 0.03712480252764613 0.028759736369083286
0 0.47709320695102686 0.1354104254044338 0.044233807266982623 0.02756141402037148
0 0.46721958925750395 0.17046135410425406 0.04028436018957346 0.03894547633313361
0 0.5971563981042654 0.10035949670461354 0.044233807266982623 0.03654883163571001
0 0.7377567140600316 0.10215698022768124 0.04107424960505529 0.0329538645895746
0 0.6267772511848341 0.13990413421210307 0.07503949447077408 0.029358897543439184
0 0.6090047393364929 0.1749550629119233 0.042654028436018954 0.028759736369083286
0 0.5300157977883097 0.5131815458358299 0.07109004739336493 0.035350509286998205
0 0.7069510268562401 0.5077890952666267 0.07582938388625593 0.04254044337926902
