0 0.2116903633491311 0.1530856800479329 0.06477093206951026 0.03055721989215099
0 0.2112954186413902 0.189035350509287 0.054502369668246446 0.0341521869382864
0 0.2112954186413902 0.23187537447573398 0.05766192733017377 0.035949670461354104
0 0.21090047393364927 0.2708208508088676 0.07424960505529225 0.033553025763930495
0 0.21050552922590837 0.304673457159976 0.07503949447077408 0.03175554224086279
0 0.21090047393364927 0.3385260635110845 0.07898894154818326 0.03235470341521869
0 0.21011058451816744 0.37177950868783705 0.07898894154818326 0.03175554224086279
0 0.21011058451816744 0.40443379269023366 0.07898894154818326 0.029958058717795086
0 0.21090047393364927 0.43618933493109646 0.08056872037914692 0.029958058717795086
0 0.21090047393364927 0.4673457159976034 0.06635071090047394 0.029958058717795086
0 0.2112954186413902 0.5002995805871779 0.06872037914691943 0.03235470341521869
0 0.21090047393364927 0.5326542840023967 0.07424960505529225 0.02756141402037148
0 0.21050552922590837 0.5638106650689035 0.08451816745655608 0.03235470341521869
0 0.632306477093207 0.15338526063511085 0.08135860979462875 0.03115638106650689
0 0.6330963665086887 0.18573996405032955 0.08293838862559241 0.029958058717795086
0 0.6330963665086887 0.21989215098861595 0.0924170616113744 0.03115638106650689
0 0.6330963665086887 0.25344517675254646 0.08925750394944708 0.029958058717795086
0 0.6342812006319115 0.2872977831036549 0.09004739336492891 0.029358897543439184
0 0.6338862559241706 0.3220491312162972 0.09083728278041074 0.03055721989215099
0 0.6334913112164297 0.3550029958058718 0.045813586097946286 0.02696225284601558
0 0.631911532385466 0.38915518274415817 0.07109004739336493 0.03175554224086279
0 0.6334913112164297 0.4221090473337328 0.09320695102685624 0.03055721989215099
0 0.6330963665086887 0.4562612342720192 0.09557661927330173 0.029358897543439184
0 0.6327014218009479 0.4898142600359497 0.10584518167456555 0.03055721989215099
0 0.6327014218009479 0.5221689634511684 0.08056872037914692 0.03175554224086279
0 0.6346761453396524 0.5557219892150989 0.1066350710900474 0.03055721989215099
