0 0.5260663507109005 0.13780707010185742 0.15481832543443919 0.0683043738765728
0 0.7808056872037915 0.22318753744757341 0.15560821484992102 0.0665068903535051
0 0.7796208530805687 0.34182144997004194 0.15639810426540285 0.06890353505092871
0 0.5268562401263823 0.34481725584182144 0.15639810426540285 0.06411024565608149
0 0.5335703001579779 0.2237866986219293 0.16982622432859398 0.0665068903535051
0 0.659952606635071 0.2678250449370881 0.07977883096366509 0.052726183343319355
0 0.3029225908372828 0.34421809466746556 0.17614533965244866 0.06530856800479329
0 0.30213270142180093 0.22468544038346316 0.16666666666666666 0.06351108448172559
0 0.4028436018957346 0.26752546434991015 0.08214849921011058 0.05092869982025165
0 0.5355450236966824 0.4439784301977232 0.17061611374407581 0.06470940683043738
0 0.22432859399684044 0.646494907130018 0.16429699842022116 0.09826243259436789
0 0.40165876777251186 0.6461953265428401 0.17140600315955765 0.09886159376872379
0 0.5880726698262243 0.646494907130018 0.16982622432859398 0.09826243259436789
0 0.7733017377567141 0.6476932294787298 0.1721958925750395 0.10545236668663871
