0 0.2772511848341232 0.12162971839424805 0.05055292259083728 0.04913121629718394
0 0.4099526066350711 0.12282804074295986 0.06635071090047394 0.04074295985620132
0 0.4040284360189573 0.17765128819652487 0.04344391785150079 0.04254044337926902
0 0.40126382306477093 0.23157579388855604 0.045813586097946286 0.04973037747153985
0 0.27764612954186413 0.2342720191731576 0.05134281200631911 0.04913121629718394
0 0.27567140600315954 0.17645296584781306 0.05055292259083728 0.04973037747153985
0 0.44075829383886256 0.3037747153984422 0.10426540284360189 0.07669263031755542
0 0.27804107424960506 0.304973037747154 0.08056872037914692 0.0659077291791492
0 0.5809636650868878 0.2606351108448173 0.06398104265402843 0.04313960455362493
0 0.7014218009478673 0.2651288196524865 0.05055292259083728 0.03774715398442181
0 0.6544233807266983 0.33193529059316956 0.09399684044233807 0.06710605152786099
0 0.565955766192733 0.41162372678250453 0.1018957345971564 0.06231276213301378
0 0.4498420221169036 0.3951467944877172 0.07503949447077408 0.03175554224086279
0 0.4545813586097946 0.4622528460155782 0.06872037914691943 0.04254044337926902
0 0.2981832543443918 0.39544637507489516 0.12559241706161137 0.039544637507489516
0 0.30173775671406 0.4631515877771121 0.14218009478672985 0.0683043738765728
0 0.7373617693522907 0.4161174355901738 0.08609794628751975 0.07609346914319952
0 0.7105055292259084 0.512582384661474 0.0971563981042654 0.09886159376872379
0 0.5766192733017378 0.5191731575793889 0.10900473933649289 0.10724985020970641
0 0.5916271721958926 0.11923307369682445 0.0631911532385466 0.035949670461354104
0 0.7085308056872038 0.12252846015578191 0.0679304897314376 0.03175554224086279
0 0.7069510268562401 0.19862192929898143 0.07582938388625593 0.0341521869382864
0 0.5793838862559242 0.20641102456560814 0.0703001579778831 0.03654883163571001
