0 0.2815955766192733 0.34421809466746556 0.1919431279620853 0.07489514679448772
0 0.2819905213270142 0.45356500898741764 0.21484992101105846 0.04433792690233673
0 0.6315165876777251 0.3058717795086878 0.0703001579778831 0.09646494907130018
0 0.7638230647709321 0.2965847813061714 0.11058451816745656 0.08148591971240264
0 0.7673775671406003 0.45835829838226483 0.16350710900473933 0.05751947273816657
0 0.6224328593996841 0.4604553624925105 0.08372827804107424 0.14080287597363692
0 0.6437598736176935 0.11563810665068903 0.10584518167456555 0.0683043738765728
0 0.7890995260663507 0.1165368484122229 0.10268562401263823 0.0713001797483523
0 0.6816745655608215 0.6129418813660875 0.20221169036334913 0.07189934092270821
0 0.6899684044233807 0.7177950868783703 0.174565560821485 0.07070101857399641
