0 0.1528436018957346 0.1390053924505692 0.11453396524486571 0.025164769322947873
0 0.2571090047393365 0.12552426602756142 0.0655608214849921 0.025763930497303775
0 0.37993680884676145 0.14080287597363692 0.14533965244865718 0.03115638106650689
0 0.5655608214849921 0.14080287597363692 0.12164296998420221 0.02396644697423607
0 0.6796998420221169 0.12282804074295986 0.06398104265402843 0.033553025763930495
0 0.8266192733017378 0.12971839424805273 0.18562401263823064 0.04973037747153985
0 0.4391785150078989 0.32354703415218694 0.05845181674565561 0.03714799281006591
0 0.3420221169036335 0.3238466147393649 0.05687203791469194 0.03774715398442181
0 0.24605055292259084 0.32234871180347513 0.05766192733017377 0.03834631515877771
0 0.1382306477093207 0.32264829239065307 0.061611374407582936 0.040143798681845415
0 0.5458135860979463 0.32474535650089875 0.042654028436018954 0.029958058717795086
0 0.6390205371248026 0.3238466147393649 0.0631911532385466 0.0329538645895746
0 0.7725118483412322 0.3199520671060515 0.05687203791469194 0.035949670461354104
0 0.8751974723538705 0.3220491312162972 0.061611374407582936 0.03774715398442181
0 0.8495260663507109 0.43079688436189334 0.08609794628751975 0.07189934092270821
0 0.6824644549763033 0.42480527261833434 0.06635071090047394 0.0659077291791492
0 0.3890205371248025 0.4182144997004194 0.060821484992101105 0.03714799281006591
0 0.46327014218009477 0.47423606950269626 0.05608214849921011 0.03774715398442181
0 0.6038704581358609 0.5050928699820252 0.06398104265402843 0.022768124625524265
0 0.560821484992101 0.4281006590772918 0.05529225908372828 0.06530856800479329
0 0.38941548183254343 0.47483523067705213 0.06635071090047394 0.03774715398442181
0 0.2721169036334913 0.4745356500898742 0.04344391785150079 0.03834631515877771
0 0.19549763033175355 0.475733972438586 0.045023696682464455 0.0347513481126423
0 0.11058451816745656 0.47543439185140807 0.042654028436018954 0.03654883163571001
0 0.8353080568720379 0.5047932893948472 0.12243285939968404 0.029358897543439184
