0 0.3041074249605055 0.2546434991012582 0.05529225908372828 0.04313960455362493
0 0.3736176935229068 0.3208508088675854 0.08372827804107424 0.05212702216896345
0 0.5481832543443917 0.32354703415218694 0.09320695102685624 0.04793289394847214
0 0.7424960505529226 0.32294787297783106 0.10426540284360189 0.04913121629718394
0 0.49960505529225907 0.4805272618334332 0.14454976303317535 0.0695026962252846
0 0.22906793048973143 0.3211503894547633 0.05687203791469194 0.052726183343319355
0 0.33649289099526064 0.652486518873577 0.06003159557661927 0.016776512881965248
0 0.3380726698262243 0.6854403834631516 0.07582938388625593 0.03235470341521869
0 0.33846761453396523 0.7249850209706411 0.07345971563981042 0.03115638106650689
0 0.33767772511848343 0.7648292390653085 0.07661927330173776 0.03175554224086279
0 0.33886255924170616 0.8034751348112642 0.07424960505529225 0.03235470341521869
0 0.33767772511848343 0.8460155781905333 0.07661927330173776 0.035949670461354104
