0 0.21445497630331753 0.1671659676452966 0.07819905213270142 0.04074295985620132
0 0.2033965244865719 0.21539844218094667 0.054502369668246446 0.0329538645895746
0 0.2089257503949447 0.2519472738166567 0.06240126382306477 0.028160575194727384
0 0.20813586097946288 0.28699820251647695 0.060821484992101105 0.028759736369083286
0 0.20774091627172195 0.31935290593169563 0.05845181674565561 0.021569802276812464
0 0.21050552922590837 0.34931096464949074 0.06398104265402843 0.026363091671659677
0 0.2089257503949447 0.3822648292390653 0.060821484992101105 0.026363091671659677
0 0.20813586097946288 0.41581785500299584 0.06240126382306477 0.02756141402037148
0 0.2184044233807267 0.4541641701617735 0.08293838862559241 0.039544637507489516
0 0.21011058451816744 0.49340922708208507 0.0631911532385466 0.025763930497303775
0 0.21050552922590837 0.5383463151587777 0.0655608214849921 0.05452366686638706
