0 0.23380726698262244 0.11144397843019772 0.11374407582938388 0.06470940683043738
0 0.42812006319115326 0.11354104254044338 0.14375987361769352 0.06530856800479329
0 0.5959715639810427 0.11294188136608747 0.14454976303317535 0.06530856800479329
0 0.7488151658767772 0.11354104254044338 0.1484992101105845 0.06411024565608149
0 0.7401263823064771 0.19922109047333733 0.15639810426540285 0.0677052127022169
0 0.7239336492890995 0.2834032354703415 0.11927330173775672 0.06351108448172559
0 0.5817535545023697 0.2019173157579389 0.12085308056872038 0.06470940683043738
0 0.5778041074249605 0.2855002995805872 0.07661927330173776 0.06530856800479329
0 0.4186413902053712 0.2019173157579389 0.11058451816745656 0.06231276213301378
0 0.2622432859399684 0.20011983223487118 0.16903633491311215 0.06470940683043738
0 0.25829383886255924 0.2822049131216297 0.1627172195892575 0.06231276213301378
0 0.4419431279620853 0.28280407429598564 0.16192733017377567 0.06351108448172559
0 0.23617693522906794 0.36369083283403236 0.11058451816745656 0.07309766327142002
0 0.4364139020537125 0.366087477531456 0.14139020537124802 0.0695026962252846
0 0.5892575039494471 0.3732774116237268 0.10900473933649289 0.09227082085080887
0 0.7365718799368088 0.3663870581186339 0.146129541864139 0.0677052127022169
0 0.7413112164296999 0.4541641701617735 0.14770932069510267 0.07549430796884363
0 0.593996840442338 0.45895745955662076 0.12164296998420221 0.06351108448172559
0 0.4332543443917851 0.45476333133612945 0.12085308056872038 0.07549430796884363
0 0.25157977883096366 0.46494907130017976 0.146129541864139 0.07429598562013182
0 0.4158767772511848 0.54823247453565 0.07661927330173776 0.06470940683043738
0 0.26579778830963663 0.5494307968843619 0.174565560821485 0.06470940683043738
0 0.5714849921011058 0.5446375074895147 0.17140600315955765 0.09346914319952067
0 0.7278830963665087 0.5497303774715399 0.17298578199052134 0.10605152786099462
0 0.7298578199052133 0.6306171360095866 0.17535545023696683 0.04733373277411624
0 0.5671406003159558 0.6288196524865189 0.1406003159557662 0.048532055122828044
0 0.42180094786729855 0.6315158777711204 0.14375987361769352 0.04913121629718394
0 0.26342812006319116 0.6381066506890354 0.160347551342812 0.07669263031755542
0 0.4352290679304897 0.7094068304373877 0.16429699842022116 0.04913121629718394
0 0.6125592417061612 0.7061114439784302 0.17298578199052134 0.07729179149191133
0 0.25552922590837285 0.7079089275014979 0.14454976303317535 0.048532055122828044
