0 0.221563981042654 0.14949071300179748 0.0971563981042654 0.040143798681845415
0 0.3732227488151659 0.14469742360695026 0.12085308056872038 0.04373876572798083
0 0.5394944707740916 0.1476932294787298 0.11848341232227488 0.04493708807669263
0 0.7247235387045814 0.14499700419412823 0.160347551342812 0.05152786099460755
0 0.665481832543444 0.29508687837028164 0.15560821484992102 0.06171360095865788
0 0.44747235387045814 0.29928100659077295 0.14139020537124802 0.04493708807669263
0 0.25118483412322273 0.2938885560215698 0.1406003159557662 0.04493708807669263
0 0.21445497630331753 0.5032953864589574 0.09873617693522907 0.04433792690233673
0 0.3518957345971564 0.5008987417615338 0.10979462875197472 0.03714799281006591
0 0.4695892575039494 0.49670461354104256 0.10505529225908372 0.04913121629718394
0 0.5928120063191153 0.4994008388256441 0.07977883096366509 0.07729179149191133
0 0.7436808846761453 0.5047932893948472 0.14770932069510267 0.07968843618933494
0 0.7421011058451816 0.6240263630916717 0.12559241706161137 0.07249850209706411
0 0.5738546603475513 0.6240263630916717 0.11927330173775672 0.0713001797483523
