0 0.29265402843601895 0.12612342720191733 0.2282780410742496 0.09406830437387657
0 0.5797788309636651 0.13031755542240864 0.11058451816745656 0.048532055122828044
0 0.843996840442338 0.13061713600958658 0.12559241706161137 0.05392450569203116
0 0.8451816745655608 0.23127621330137807 0.12164296998420221 0.06470940683043738
0 0.5916271721958926 0.23247453565008988 0.1311216429699842 0.06470940683043738
0 0.8222748815165877 0.35020970641102456 0.1579778830963665 0.05452366686638706
0 0.5904423380726698 0.34541641701617737 0.13191153238546605 0.06530856800479329
0 0.3795418641390205 0.2771120431396046 0.20300157977883096 0.0713001797483523
0 0.18878357030015797 0.2690233672857999 0.21484992101105846 0.09107249850209706
0 0.165086887835703 0.4529658478130617 0.10900473933649289 0.05632115038945477
0 0.3716429699842022 0.4445775913720791 0.2156398104265403 0.07070101857399641
0 0.659952606635071 0.5248651887357699 0.1382306477093207 0.05392450569203116
0 0.8455766192733017 0.5299580587177951 0.13665086887835703 0.0677052127022169
0 0.8562401263823065 0.6381066506890354 0.11532385466034754 0.05871779508687837
0 0.6757503949447077 0.6348112642300779 0.0971563981042654 0.06530856800479329
0 0.5643759873617693 0.6330137807070102 0.09557661927330173 0.0701018573996405
