0 0.2815955766192733 0.16686638705811863 0.28672985781990523 0.08807669263031756
0 0.2622432859399684 0.33493109646494906 0.24170616113744076 0.09346914319952067
0 0.24407582938388625 0.5269622528460156 0.19747235387045814 0.08088675853804674
0 0.5616113744075829 0.6842420611144397 0.09320695102685624 0.06231276213301378
0 0.6761453396524486 0.695026962252846 0.07266982622432859 0.041941282204913125
0 0.7681674565560821 0.6899340922708209 0.06872037914691943 0.02696225284601558
0 0.8688783570300158 0.6944278010784901 0.09636650868878358 0.02756141402037148
0 0.8593996840442338 0.7777112043139605 0.09004739336492891 0.03235470341521869
0 0.7602685624012638 0.7762133013780708 0.06714060031595577 0.03654883163571001
0 0.6773301737756714 0.7729179149191132 0.06398104265402843 0.05392450569203116
0 0.5675355450236966 0.7765128819652487 0.07661927330173776 0.04913121629718394
