0 0.29541864139020535 0.1794487717195926 0.09794628751974724 0.09646494907130018
0 0.235781990521327 0.33283403235470344 0.052922590837282776 0.023367285799880167
0 0.235781990521327 0.3618933493109647 0.054502369668246446 0.021569802276812464
0 0.2938388625592417 0.39304973037747154 0.044233807266982623 0.019173157579388856
0 0.29462875197472355 0.42390653085680047 0.045813586097946286 0.01737567405632115
0 0.3214849921011058 0.45566207309766327 0.042654028436018954 0.01737567405632115
0 0.31319115323854657 0.4856201318154584 0.045023696682464455 0.01737567405632115
0 0.3278041074249605 0.5161773517076094 0.042654028436018954 0.016177351707609346
0 0.3183254344391785 0.5464349910125824 0.045813586097946286 0.015578190533253445
0 0.23657187993680884 0.5440383463151588 0.05608214849921011 0.021569802276812464
0 0.23499210110584517 0.5140802875973637 0.054502369668246446 0.02037147992810066
0 0.23420221169036334 0.48202516476932294 0.04976303317535545 0.018573996405032954
0 0.23380726698262244 0.45266626722588377 0.05055292259083728 0.022168963451168366
