0 0.20063191153238547 0.15008987417615338 0.05845181674565561 0.022168963451168366
0 0.4585308056872038 0.1512881965248652 0.2598736176935229 0.09167165967645297
0 0.7918641390205371 0.1512881965248652 0.20458135860979462 0.09167165967645297
0 0.7930489731437599 0.2732174955062912 0.14533965244865718 0.11264230077890953
0 0.3155608214849921 0.27561414020371483 0.0924170616113744 0.033553025763930495
0 0.16627172195892576 0.274116237267825 0.1240126382306477 0.06171360095865788
0 0.5438388625592417 0.2738166566806471 0.19036334913112163 0.10904733373277412
0 0.42693522906793047 0.39424805272618335 0.25355450236966826 0.10784901138406232
0 0.7776461295418641 0.3957459556620731 0.2330173775671406 0.11084481725584182
0 0.20418641390205372 0.5146794487717196 0.09083728278041074 0.035949670461354104
0 0.4569510268562401 0.5137807070101857 0.25355450236966826 0.10964649490713002
0 0.7772511848341233 0.5134811264230078 0.2353870458135861 0.11384062312762133
0 0.7764612954186414 0.6414020371479928 0.20695102685624012 0.11324146195326543
0 0.443127962085308 0.6411024565608149 0.25908372827804105 0.10904733373277412
