0 0.27014218009478674 0.11743559017375674 0.20695102685624012 0.06470940683043738
0 0.48578199052132703 0.12282804074295986 0.20063191153238547 0.07429598562013182
0 0.7132701421800948 0.12342720191731577 0.2353870458135861 0.07309766327142002
0 0.7057661927330173 0.23756740563211504 0.2235387045813586 0.06890353505092871
0 0.7116903633491312 0.32654284002396644 0.20853080568720378 0.08148591971240264
0 0.7049763033175356 0.4281006590772918 0.23933649289099526 0.09526662672258839
0 0.4873617693522907 0.42780107849011384 0.1769352290679305 0.08747753145596165
0 0.26145339652448657 0.4346914319952067 0.18009478672985782 0.09406830437387657
0 0.2721169036334913 0.3322348711803475 0.20616113744075829 0.06890353505092871
0 0.4861769352290679 0.3250449370880767 0.21879936808846762 0.08568004793289395
0 0.4782780410742496 0.23217495506291194 0.20774091627172195 0.05811863391252247
0 0.26579778830963663 0.2336728579988017 0.19352290679304898 0.0659077291791492
