0 0.3428120063191153 0.14080287597363692 0.22748815165876776 0.0683043738765728
0 0.5339652448657188 0.13031755542240864 0.04897314375987362 0.04973037747153985
0 0.6026856240126383 0.1336129418813661 0.07109004739336493 0.06351108448172559
0 0.6749605055292259 0.12971839424805273 0.054502369668246446 0.056920311563810666
0 0.7361769352290679 0.13690832834032354 0.0679304897314376 0.040143798681845415
0 0.19510268562401265 0.7144997004194128 0.07266982622432859 0.025763930497303775
0 0.3578199052132701 0.7162971839424805 0.07898894154818326 0.028160575194727384
0 0.5379146919431279 0.7225883762732175 0.08372827804107424 0.02756141402037148
0 0.7227488151658767 0.7243858597962852 0.08530805687203791 0.029958058717795086
0 0.5387045813586098 0.7726183343319353 0.08056872037914692 0.03175554224086279
0 0.5469984202211691 0.8289394847213901 0.09557661927330173 0.0329538645895746
0 0.5375197472353871 0.8987417615338527 0.0971563981042654 0.03115638106650689
0 0.7294628751974723 0.8900539245056921 0.1966824644549763 0.056920311563810666
0 0.3566350710900474 0.8900539245056921 0.0655608214849921 0.02456560814859197
0 0.19549763033175355 0.8858597962852007 0.05766192733017377 0.020970641102456562
0 0.3578199052132701 0.8277411623726783 0.08688783570300158 0.029358897543439184
0 0.3578199052132701 0.7726183343319353 0.07424960505529225 0.03055721989215099
