0 0.2669826224328594 0.10964649490713002 0.07582938388625593 0.016776512881965248
0 0.38072669826224326 0.18424206111443978 0.11374407582938388 0.07249850209706411
0 0.16429699842022116 0.18424206111443978 0.07424960505529225 0.07249850209706411
0 0.6066350710900474 0.14529658478130617 0.05845181674565561 0.08448172558418214
0 0.7049763033175356 0.14499700419412823 0.08451816745655608 0.08148591971240264
0 0.6749605055292259 0.24176153385260635 0.11927330173775672 0.025763930497303775
0 0.542654028436019 0.30647094068304376 0.044233807266982623 0.040143798681845415
0 0.584913112164297 0.3885560215698023 0.14139020537124802 0.06171360095865788
0 0.8384676145339652 0.3160575194727382 0.13981042654028436 0.04134212103055722
0 0.8471563981042654 0.3816656680647094 0.13981042654028436 0.046734571599760334
0 0.3696682464454976 0.31366087477531457 0.0679304897314376 0.022168963451168366
0 0.3688783570300158 0.3469143199520671 0.06003159557661927 0.019173157579388856
0 0.3704581358609795 0.37986818454164173 0.04107424960505529 0.021569802276812464
0 0.3696682464454976 0.4122228879568604 0.07740916271721959 0.022768124625524265
0 0.37085308056872035 0.44427801078490115 0.06398104265402843 0.019772318753744758
0 0.3712480252764613 0.4763331336129419 0.06477093206951026 0.021569802276812464
0 0.3704581358609795 0.5149790293588975 0.05529225908372828 0.040143798681845415
0 0.36808846761453395 0.5509286998202516 0.037914691943127965 0.019772318753744758
0 0.3696682464454976 0.6794487717195926 0.0679304897314376 0.02037147992810066
0 0.19628751974723538 0.7112043139604554 0.05766192733017377 0.02756141402037148
0 0.19826224328593997 0.74415817855003 0.05845181674565561 0.025164769322947873
0 0.19628751974723538 0.774715398442181 0.02448657187993681 0.021569802276812464
0 0.19628751974723538 0.8055721989215099 0.026066350710900472 0.020970641102456562
0 0.3692733017377567 0.8100659077291792 0.06714060031595577 0.021569802276812464
