0 0.28080568720379145 0.16087477531455963 0.0339652448657188 0.019772318753744758
0 0.2804107424960505 0.1854403834631516 0.0631911532385466 0.022168963451168366
0 0.2819905213270142 0.2091072498502097 0.06477093206951026 0.019173157579388856
0 0.2812006319115324 0.2384661473936489 0.06635071090047394 0.033553025763930495
0 0.2792259083728278 0.2726183343319353 0.06398104265402843 0.026363091671659677
0 0.2804107424960505 0.3037747153984422 0.0679304897314376 0.026363091671659677
0 0.2804107424960505 0.3343319352905932 0.06951026856240126 0.026363091671659677
0 0.2764612954186414 0.36428999400838824 0.0679304897314376 0.026363091671659677
0 0.28080568720379145 0.39484721390053923 0.07819905213270142 0.02396644697423607
0 0.27764612954186413 0.4227082085080887 0.07661927330173776 0.023367285799880167
0 0.28080568720379145 0.451168364289994 0.07819905213270142 0.02396644697423607
0 0.27093206951026855 0.47902935889754344 0.07424960505529225 0.020970641102456562
0 0.27093206951026855 0.5062911923307369 0.06951026856240126 0.02396644697423607
0 0.2740916271721959 0.5335530257639305 0.07740916271721959 0.020970641102456562
0 0.2650078988941548 0.5662073097663272 0.06714060031595577 0.033553025763930495
0 0.26816745655608215 0.6048532055122828 0.07187993680884676 0.0329538645895746
0 0.27330173775671407 0.6357100059916118 0.08530805687203791 0.015578190533253445
0 0.26895734597156395 0.6737567405632116 0.07345971563981042 0.03774715398442181
0 0.2740916271721959 0.7055122828040743 0.07898894154818326 0.01737567405632115
0 0.2744865718799368 0.7360695026962253 0.07819905213270142 0.0341521869382864
0 0.29265402843601895 0.7816057519472739 0.07819905213270142 0.04973037747153985
