0 0.14020537124802526 0.12762133013780708 0.05766192733017377 0.07669263031755542
0 0.2819905213270142 0.13930497303774717 0.12322274881516587 0.059316956261234274
0 0.42614533965244866 0.140203714799281 0.1334913112164297 0.05871779508687837
0 0.5533175355450237 0.14559616536848413 0.13981042654028436 0.05991611743559017
0 0.7713270142180094 0.14439784301977232 0.22511848341232227 0.12342720191731577
0 0.792259083728278 0.3118633912522469 0.08214849921011058 0.07729179149191133
0 0.6607424960505529 0.3178550029958059 0.09083728278041074 0.0665068903535051
0 0.5225118483412322 0.31066506890353507 0.0924170616113744 0.07609346914319952
0 0.3886255924170616 0.3079688436189335 0.08846761453396525 0.07669263031755542
0 0.27883096366508686 0.30317555422408626 0.09162717219589257 0.08747753145596165
0 0.18799368088467613 0.3130617136009587 0.04739336492890995 0.0701018573996405
0 0.5624012638230648 0.4191132414619533 0.37756714060031593 0.09886159376872379
0 0.23933649289099526 0.43199520671060515 0.20853080568720378 0.08867585380467347
0 0.5580568720379147 0.5212702216896345 0.07661927330173776 0.05512282804074296
0 0.4296998420221169 0.5203714799281006 0.11216429699842022 0.06051527860994608
0 0.24644549763033174 0.5296584781306172 0.08056872037914692 0.06351108448172559
0 0.4486571879936809 0.6641701617735171 0.0947867298578199 0.06530856800479329
0 0.7243285939968405 0.68274415817855 0.330173775671406 0.09886159376872379
0 0.21958925750394945 0.670760934691432 0.22432859399684044 0.08328340323547034
0 0.5552922590837283 0.8145596165368484 0.08372827804107424 0.053325344517675254
0 0.7768562401263823 0.8259436788496106 0.2804107424960505 0.07849011384062313
