0 0.24960505529225907 0.1195326542840024 0.0947867298578199 0.03175554224086279
0 0.47511848341232227 0.12462552426602756 0.0924170616113744 0.035949670461354104
0 0.7330173775671406 0.12372678250449372 0.09320695102685624 0.03774715398442181
0 0.7389415481832543 0.256141402037148 0.10821484992101106 0.03894547633313361
0 0.4755134281200632 0.25704014379868184 0.0947867298578199 0.03714799281006591
0 0.2519747235387046 0.3693828639904134 0.09004739336492891 0.0341521869382864
0 0.2507898894154818 0.2525464349910126 0.08925750394944708 0.03774715398442181
0 0.2401263823064771 0.48082684242061113 0.09004739336492891 0.029358897543439184
0 0.3862559241706161 0.4847213900539245 0.0995260663507109 0.035949670461354104
0 0.5552922590837283 0.4826243259436789 0.09794628751974724 0.0329538645895746
0 0.7555292259083728 0.48142600359496707 0.09399684044233807 0.040143798681845415
