0 0.23420221169036334 0.15218693828639904 0.10821484992101106 0.039544637507489516
0 0.3281990521327014 0.1288196524865189 0.06240126382306477 0.04793289394847214
0 0.43878357030015797 0.1554823247453565 0.14770932069510267 0.04134212103055722
0 0.6520537124802528 0.15668064709406831 0.14928909952606634 0.040143798681845415
0 0.7105055292259084 0.23487118034751348 0.15086887835703 0.03834631515877771
0 0.4928909952606635 0.23487118034751348 0.1406003159557662 0.03834631515877771
0 0.24960505529225907 0.2336728579988017 0.14533965244865718 0.03834631515877771
0 0.23183254344391785 0.3073696824445776 0.07345971563981042 0.03834631515877771
0 0.34755134281200634 0.32654284002396644 0.1484992101105845 0.07669263031755542
0 0.5521327014218009 0.3271420011983224 0.15007898894154817 0.07549430796884363
0 0.745260663507109 0.3316357100059916 0.14928909952606634 0.07249850209706411
0 0.6386255924170616 0.47543439185140807 0.14770932069510267 0.07249850209706411
0 0.4743285939968404 0.475733972438586 0.146129541864139 0.07309766327142002
0 0.26579778830963663 0.4787297783103655 0.146129541864139 0.07309766327142002
0 0.3104265402843602 0.5874775314559617 0.15481832543443919 0.07489514679448772
0 0.5430489731437599 0.5874775314559617 0.13665086887835703 0.07369682444577591
0 0.6962875197472354 0.5883762732174955 0.13665086887835703 0.07189934092270821
0 0.6868088467614534 0.7082085080886759 0.13665086887835703 0.07070101857399641
0 0.4612954186413902 0.70760934691432 0.12164296998420221 0.07309766327142002
