0 0.2033965244865719 0.1488915518274416 0.07977883096366509 0.07849011384062313
0 0.36295418641390204 0.15218693828639904 0.08293838862559241 0.09706411024565609
0 0.3424170616113744 0.3115638106650689 0.07661927330173776 0.03834631515877771
0 0.1868088467614534 0.31366087477531457 0.07661927330173776 0.035350509286998205
0 0.6200631911532385 0.15338526063511085 0.10426540284360189 0.08148591971240264
0 0.7934439178515008 0.1554823247453565 0.10505529225908372 0.10005991611743559
0 0.8005529225908373 0.29718394248052726 0.13507109004739337 0.02396644697423607
0 0.7160347551342812 0.3499101258238466 0.15402843601895735 0.02756141402037148
0 0.6196682464454977 0.29718394248052726 0.11137440758293839 0.02396644697423607
0 0.3459715639810427 0.4101258238466147 0.10742496050552923 0.08448172558418214
0 0.19865718799368087 0.4128220491312163 0.10505529225908372 0.08508088675853805
