0 0.25434439178515006 0.16267225883762731 0.15481832543443919 0.05092869982025165
0 0.254739336492891 0.2183942480527262 0.15718799368088468 0.053325344517675254
0 0.25434439178515006 0.2771120431396046 0.15323854660347552 0.05212702216896345
0 0.254739336492891 0.3343319352905932 0.15560821484992102 0.05032953864589575
0 0.2539494470774092 0.3933493109646495 0.15402843601895735 0.05572198921509886
0 0.25157977883096366 0.4499700419412822 0.11453396524486571 0.05152786099460755
0 0.2567140600315956 0.5083882564409826 0.1627172195892575 0.05452366686638706
0 0.25434439178515006 0.5656081485919713 0.16113744075829384 0.05392450569203116
0 0.25157977883096366 0.6201318154583583 0.14139020537124802 0.04074295985620132
0 0.25039494470774093 0.665068903535051 0.1263823064770932 0.046734571599760334
0 0.2507898894154818 0.7153984421809467 0.1287519747235387 0.04553624925104853
0 0.2519747235387046 0.7696225284601558 0.15639810426540285 0.053325344517675254
0 0.2567140600315956 0.8325344517675255 0.1579778830963665 0.06171360095865788
