0 0.39731437598736175 0.13211503894547633 0.10900473933649289 0.053325344517675254
0 0.5971563981042654 0.1330137807070102 0.11690363349131122 0.05392450569203116
0 0.6773301737756714 0.22708208508088676 0.08451816745655608 0.035949670461354104
0 0.6757503949447077 0.2678250449370881 0.08925750394944708 0.03714799281006591
0 0.6757503949447077 0.3061713600958658 0.06714060031595577 0.033553025763930495
0 0.6773301737756714 0.35440383463151587 0.05766192733017377 0.02696225284601558
0 0.6761453396524486 0.396644697423607 0.05845181674565561 0.028759736369083286
0 0.6765402843601895 0.4406830437387657 0.045023696682464455 0.03175554224086279
0 0.6769352290679305 0.4856201318154584 0.05529225908372828 0.035350509286998205
0 0.6781200631911533 0.5323547034152187 0.1066350710900474 0.03055721989215099
0 0.3657187993680885 0.530557219892151 0.12006319115323855 0.04254044337926902
0 0.3641390205371248 0.48532055122828044 0.10268562401263823 0.033553025763930495
0 0.3657187993680885 0.43918514080287596 0.08688783570300158 0.03115638106650689
0 0.3637440758293839 0.3957459556620731 0.07345971563981042 0.03055721989215099
0 0.3645339652448657 0.35710005991611743 0.05134281200631911 0.0347513481126423
0 0.3645339652448657 0.3079688436189335 0.05134281200631911 0.035949670461354104
0 0.36334913112164297 0.26842420611144396 0.04107424960505529 0.028759736369083286
0 0.36295418641390204 0.22917914919113241 0.045023696682464455 0.028160575194727384
0 0.23183254344391785 0.6593768723786699 0.04818325434439179 0.0665068903535051
0 0.29936808846761453 0.6620730976632714 0.042654028436018954 0.06231276213301378
0 0.4616903633491311 0.6653684841222289 0.160347551342812 0.05212702216896345
0 0.6990521327014217 0.6626722588376274 0.18325434439178515 0.05392450569203116
0 0.6970774091627172 0.7423606950269622 0.16666666666666666 0.04553624925104853
0 0.46327014218009477 0.7453565008987417 0.15086887835703 0.04553624925104853
0 0.3037124802527646 0.7405632115038946 0.045023696682464455 0.06111443978430198
0 0.23499210110584517 0.7420611144397843 0.052922590837282776 0.06291192330736968
