0 0.240521327014218 0.13151587777112042 0.11453396524486571 0.05212702216896345
0 0.3657187993680885 0.22917914919113241 0.15165876777251186 0.1024565608148592
0 0.1796998420221169 0.23037747153984423 0.11295418641390205 0.06890353505092871
0 0.5868878357030016 0.14559616536848413 0.13902053712480253 0.08148591971240264
0 0.5920221169036335 0.2336728579988017 0.1287519747235387 0.07908927501497903
0 0.7361769352290679 0.17615338526063512 0.08846761453396525 0.07789095266626722
0 0.8499210110584519 0.14529658478130617 0.12796208530805686 0.07968843618933494
0 0.8637440758293838 0.23337327741162373 0.1066350710900474 0.08088675853804674
0 0.740521327014218 0.2920910724985021 0.1524486571879937 0.08088675853804674
0 0.5884676145339652 0.47483523067705213 0.06951026856240126 0.04373876572798083
0 0.7247235387045814 0.4769322947872978 0.10979462875197472 0.08627920910724986
0 0.8321484992101106 0.4766327142001198 0.07661927330173776 0.040143798681845415
0 0.6560031595576619 0.6084481725584182 0.07345971563981042 0.04733373277411624
0 0.3353080568720379 0.5143798681845416 0.05766192733017377 0.0329538645895746
0 0.24486571879936808 0.5161773517076094 0.07424960505529225 0.0329538645895746
0 0.1212480252764613 0.4631515877771121 0.08293838862559241 0.028759736369083286
0 0.3009478672985782 0.44667465548232477 0.0947867298578199 0.0713001797483523
0 0.42180094786729855 0.4508687837028161 0.12322274881516587 0.0677052127022169
0 0.6216429699842022 0.700718993409227 0.12164296998420221 0.09047333732774117
0 0.7835703001579779 0.7127022168963452 0.1721958925750395 0.08807669263031756
