0 0.2713270142180095 0.09736369083283404 0.08609794628751975 0.03055721989215099
0 0.3688783570300158 0.14679448771719594 0.0995260663507109 0.03115638106650689
0 0.18601895734597157 0.15278609946075494 0.07819905213270142 0.04313960455362493
0 0.3704581358609795 0.24236069502696225 0.0995260663507109 0.0341521869382864
0 0.18522906793048974 0.2444577591372079 0.07819905213270142 0.04074295985620132
0 0.19036334913112163 0.33193529059316956 0.0679304897314376 0.04074295985620132
0 0.36729857819905215 0.3250449370880767 0.07582938388625593 0.029358897543439184
0 0.6113744075829384 0.13810665068903535 0.07898894154818326 0.04134212103055722
0 0.7890995260663507 0.13870581186339126 0.07424960505529225 0.04254044337926902
0 0.787519747235387 0.23457159976033554 0.07424960505529225 0.040143798681845415
0 0.6240126382306477 0.22917914919113241 0.09004739336492891 0.040143798681845415
0 0.80173775671406 0.3376273217495506 0.08688783570300158 0.03894547633313361
0 0.6188783570300158 0.3373277411623727 0.07819905213270142 0.04313960455362493
