0 0.1702211690363349 0.13001797483523067 0.10347551342812006 0.029958058717795086
0 0.3167456556082148 0.1360095865787897 0.1263823064770932 0.05392450569203116
0 0.4277251184834123 0.1354104254044338 0.0924170616113744 0.035949670461354104
0 0.37519747235387046 0.23576992210904735 0.19273301737756715 0.056920311563810666
0 0.4079778830963665 0.29418813660874776 0.1287519747235387 0.03714799281006591
0 0.31319115323854657 0.3118633912522469 0.05134281200631911 0.07369682444577591
0 0.23696682464454977 0.310964649490713 0.044233807266982623 0.07669263031755542
0 0.1583728278041074 0.3091671659676453 0.04660347551342812 0.0683043738765728
0 0.6090047393364929 0.14230077890952667 0.08056872037914692 0.07609346914319952
0 0.7503949447077409 0.14050329538645895 0.07109004739336493 0.07729179149191133
0 0.792259083728278 0.2660275614140204 0.22906793048973143 0.06231276213301378
0 0.6149289099526066 0.31875374475733975 0.174565560821485 0.04074295985620132
0 0.5829383886255924 0.45236668663870583 0.11058451816745656 0.033553025763930495
0 0.7037914691943128 0.4284002396644698 0.09794628751974724 0.0347513481126423
0 0.787519747235387 0.37297783103654886 0.23380726698262244 0.06411024565608149
0 0.7069510268562401 0.5146794487717196 0.2717219589257504 0.09227082085080887
