0 0.2823854660347551 0.16387058118633913 0.14928909952606634 0.09286998202516478
0 0.7160347551342812 0.14050329538645895 0.21406003159557663 0.07249850209706411
0 0.3688783570300158 0.2591372079089275 0.05687203791469194 0.029358897543439184
0 0.36808846761453395 0.28819652486518876 0.05845181674565561 0.029958058717795086
0 0.36729857819905215 0.31935290593169563 0.05687203791469194 0.03115638106650689
0 0.36808846761453395 0.3526063511084482 0.05529225908372828 0.0341521869382864
0 0.3080568720379147 0.38376273217495505 0.05845181674565561 0.02696225284601558
0 0.3684834123222749 0.41491911324146197 0.05134281200631911 0.028160575194727384
0 0.37006319115323855 0.45056920311563814 0.054502369668246446 0.039544637507489516
0 0.36808846761453395 0.48711803475134813 0.053712480252764615 0.028759736369083286
0 0.367693522906793 0.5170760934691432 0.054502369668246446 0.03115638106650689
0 0.30529225908372826 0.5494307968843619 0.052922590837282776 0.028759736369083286
0 0.3692733017377567 0.579388855602157 0.054502369668246446 0.02756141402037148
0 0.3684834123222749 0.6120431396045536 0.05608214849921011 0.0341521869382864
0 0.6492890995260664 0.4316956261234272 0.08372827804107424 0.05212702216896345
0 0.7578988941548183 0.4008388256440983 0.13507109004739337 0.04913121629718394
0 0.69826224328594 0.5113840623127621 0.052132701421800945 0.03774715398442181
0 0.69826224328594 0.5461354104254045 0.053712480252764615 0.01737567405632115
0 0.69826224328594 0.572798082684242 0.053712480252764615 0.02756141402037148
0 0.7010268562401264 0.6132414619532655 0.054502369668246446 0.046135410425404436
