0 0.42298578199052134 0.1426003594967046 0.14454976303317535 0.07669263031755542
0 0.580173775671406 0.1372079089275015 0.04976303317535545 0.046734571599760334
0 0.6307266982622433 0.13511084481725585 0.0339652448657188 0.046135410425404436
0 0.26145339652448657 0.2810065907729179 0.05687203791469194 0.03235470341521869
0 0.2665876777251185 0.31665668064709407 0.08451816745655608 0.03774715398442181
0 0.2677725118483412 0.35140802875973637 0.08214849921011058 0.035350509286998205
0 0.26816745655608215 0.3873576992210905 0.06398104265402843 0.0341521869382864
0 0.26895734597156395 0.42660275614140203 0.08293838862559241 0.03714799281006591
0 0.2697472353870458 0.4661473936488916 0.09873617693522907 0.03834631515877771
0 0.2622432859399684 0.5053924505692031 0.06477093206951026 0.03774715398442181
