0 0.15995260663507108 0.19532654284002396 0.07977883096366509 0.04313960455362493
0 0.15402843601895735 0.2579388855602157 0.06951026856240126 0.03055721989215099
0 0.1552132701421801 0.2935889754343919 0.06714060031595577 0.029958058717795086
0 0.15600315955766192 0.3385260635110845 0.06714060031595577 0.03115638106650689
0 0.15363349131121642 0.3864589574595566 0.07345971563981042 0.05152786099460755
0 0.1524486571879937 0.4478729778310366 0.0679304897314376 0.028160575194727384
0 0.16548183254344392 0.4898142600359497 0.0924170616113744 0.04134212103055722
0 0.15600315955766192 0.5434391851408029 0.06398104265402843 0.03115638106650689
0 0.15679304897314375 0.5790892750149791 0.06714060031595577 0.029358897543439184
0 0.16192733017377567 0.6204313960455362 0.08530805687203791 0.04493708807669263
0 0.17377567140600317 0.6773517076093469 0.11216429699842022 0.056920311563810666
0 0.17812006319115323 0.7384661473936489 0.11611374407582938 0.05452366686638706
