0 0.2744865718799368 0.1476932294787298 0.1334913112164297 0.08448172558418214
0 0.5126382306477093 0.14739364889155182 0.13428120063191154 0.08508088675853805
0 0.7211690363349131 0.14679448771719594 0.12796208530805686 0.08508088675853805
0 0.7243285939968405 0.27561414020371483 0.12164296998420221 0.08388256440982625
0 0.5122432859399684 0.27561414020371483 0.13981042654028436 0.08268424206111444
0 0.2744865718799368 0.31965248651887357 0.13665086887835703 0.08568004793289395
0 0.5130331753554502 0.38406231276213304 0.1382306477093207 0.08388256440982625
0 0.7294628751974723 0.38316357100059917 0.1240126382306477 0.08568004793289395
0 0.2740916271721959 0.5347513481126424 0.14691943127962084 0.04373876572798083
0 0.3902053712480253 0.5206710605152787 0.0679304897314376 0.028759736369083286
0 0.5138230647709321 0.5386458957459557 0.13981042654028436 0.0683043738765728
0 0.7199842022116903 0.5386458957459557 0.13981042654028436 0.0695026962252846
0 0.646129541864139 0.6168364289994008 0.13744075829383887 0.07369682444577591
0 0.3937598736176935 0.6330137807070102 0.13507109004739337 0.04134212103055722
0 0.2796208530805687 0.7103055721989215 0.1358609794628752 0.0713001797483523
0 0.4948657187993681 0.7094068304373877 0.1334913112164297 0.07309766327142002
0 0.6962875197472354 0.7106051527860995 0.12085308056872038 0.07429598562013182
