0 0.2618483412322275 0.14200119832234873 0.21406003159557663 0.07309766327142002
0 0.5240916271721959 0.14200119832234873 0.17772511848341233 0.0659077291791492
0 0.759083728278041 0.1426003594967046 0.1721958925750395 0.06710605152786099
0 0.5809636650868878 0.25224685440383465 0.20458135860979462 0.06710605152786099
0 0.6729857819905213 0.359796285200719 0.18325434439178515 0.07249850209706411
0 0.4684044233807267 0.3603954463750749 0.18167456556082148 0.06530856800479329
0 0.3593996840442338 0.25344517675254646 0.0947867298578199 0.05152786099460755
0 0.21090047393364927 0.5886758538046735 0.16903633491311215 0.04373876572798083
0 0.4806477093206951 0.5880766926303176 0.22037914691943128 0.04493708807669263
0 0.7958135860979463 0.5877771120431396 0.18088467614533965 0.046734571599760334
0 0.7910742496050552 0.6932294787297784 0.18878357030015797 0.04553624925104853
0 0.4830173775671406 0.6875374475733973 0.22669826224328593 0.046135410425404436
0 0.47985781990521326 0.7606351108448173 0.19036334913112163 0.04493708807669263
0 0.20853080568720378 0.6821449970041942 0.2037914691943128 0.04493708807669263
0 0.2089257503949447 0.7600359496704614 0.20458135860979462 0.048532055122828044
