0 0.5 0.15757938885560216 0.2559241706161137 0.10545236668663871
0 0.358609794628752 0.2893948472139005 0.06951026856240126 0.03115638106650689
0 0.358609794628752 0.3268424206111444 0.06477093206951026 0.035350509286998205
0 0.35742496050552924 0.3672857998801678 0.06872037914691943 0.03115638106650689
0 0.3518957345971564 0.40832834032354703 0.08293838862559241 0.03654883163571001
0 0.3471563981042654 0.45056920311563814 0.1066350710900474 0.033553025763930495
0 0.36018957345971564 0.49610545236668663 0.08372827804107424 0.033553025763930495
0 0.3597946287519747 0.542540443379269 0.07661927330173776 0.040143798681845415
0 0.35110584518167454 0.5940683043738766 0.0971563981042654 0.03654883163571001
0 0.3479462875197472 0.634212103055722 0.07187993680884676 0.022168963451168366
