0 0.3696682464454976 0.12522468544038345 0.10110584518167456 0.03714799281006591
0 0.3471563981042654 0.20011983223487118 0.04818325434439179 0.029958058717795086
0 0.3459715639810427 0.23157579388855604 0.04107424960505529 0.02696225284601558
0 0.36729857819905215 0.39125224685440385 0.11216429699842022 0.04553624925104853
0 0.3665086887835703 0.4418813660874775 0.12006319115323855 0.04493708807669263
0 0.36729857819905215 0.4928100659077292 0.11532385466034754 0.046135410425404436
0 0.221563981042654 0.6015578190533254 0.11295418641390205 0.039544637507489516
0 0.21879936808846762 0.6488915518274416 0.04739336492890995 0.035949670461354104
0 0.21721958925750395 0.6908328340323547 0.061611374407582936 0.033553025763930495
0 0.21919431279620852 0.7330736968244458 0.06714060031595577 0.046135410425404436
0 0.6445497630331753 0.6150389454763332 0.11216429699842022 0.06530856800479329
0 0.6646919431279621 0.6713600958657879 0.1066350710900474 0.03894547633313361
0 0.6670616113744076 0.7231875374475734 0.1066350710900474 0.05152786099460755
