0 0.4972353870458136 0.14110245656081485 0.20300157977883096 0.04733373277411624
0 0.372432859399684 0.2330736968244458 0.09557661927330173 0.02396644697423607
0 0.37282780410742494 0.26872378669862196 0.0947867298578199 0.02456560814859197
0 0.3593996840442338 0.3055721989215099 0.0679304897314376 0.026363091671659677
0 0.3593996840442338 0.341521869382864 0.0679304897314376 0.025164769322947873
0 0.3767772511848341 0.3909526662672259 0.10426540284360189 0.028160575194727384
0 0.3767772511848341 0.43019772318753746 0.10426540284360189 0.02756141402037148
0 0.358609794628752 0.4712402636309167 0.06951026856240126 0.03175554224086279
0 0.3593996840442338 0.5137807070101857 0.07109004739336493 0.03175554224086279
0 0.37006319115323855 0.5572198921509887 0.08925750394944708 0.033553025763930495
0 0.37006319115323855 0.6024565608148592 0.08925750394944708 0.0329538645895746
0 0.3597946287519747 0.6428999400838826 0.06872037914691943 0.02396644697423607
0 0.3590047393364929 0.6794487717195926 0.06872037914691943 0.025164769322947873
0 0.3763823064770932 0.7207908927501498 0.10505529225908372 0.0347513481126423
0 0.3755924170616114 0.7657279808268425 0.10347551342812006 0.0347513481126423
0 0.36097946287519744 0.8097663271420013 0.07109004739336493 0.03055721989215099
