0 0.2819905213270142 0.1512881965248652 0.22432859399684044 0.06411024565608149
0 0.7160347551342812 0.1542840023966447 0.19826224328593997 0.0713001797483523
0 0.18759873617693523 0.32654284002396644 0.04976303317535545 0.04433792690233673
0 0.18759873617693523 0.3711803475134811 0.04976303317535545 0.03774715398442181
0 0.622827804107425 0.2977831036548832 0.05134281200631911 0.03235470341521869
0 0.6232227488151658 0.3313361294188137 0.05055292259083728 0.02756141402037148
0 0.6236176935229067 0.3672857998801678 0.04976303317535545 0.035949670461354104
0 0.6236176935229067 0.41072498502097066 0.04976303317535545 0.04254044337926902
0 0.622827804107425 0.4559616536848412 0.052922590837282776 0.041941282204913125
0 0.6224328593996841 0.5035949670461354 0.05055292259083728 0.04493708807669263
0 0.6232227488151658 0.5593169562612342 0.05055292259083728 0.05811863391252247
0 0.6232227488151658 0.6228280407429598 0.05055292259083728 0.059316956261234274
