0 0.1552132701421801 0.1896345116836429 0.08293838862559241 0.03894547633313361
0 0.29541864139020535 0.18004793289394846 0.21642969984202212 0.07249850209706411
0 0.33570300157977884 0.28999400838825645 0.2259083728278041 0.06470940683043738
0 0.15323854660347552 0.2893948472139005 0.07266982622432859 0.046734571599760334
0 0.31635071090047395 0.4286998202516477 0.13191153238546605 0.048532055122828044
0 0.5138230647709321 0.4275014979029359 0.1334913112164297 0.046135410425404436
0 0.6970774091627172 0.42690233672858 0.11927330173775672 0.04733373277411624
0 0.5418641390205371 0.4946075494307969 0.13902053712480253 0.048532055122828044
0 0.3214849921011058 0.4946075494307969 0.14533965244865718 0.046135410425404436
0 0.3590047393364929 0.5739964050329539 0.2330173775671406 0.06231276213301378
0 0.28554502369668244 0.7055122828040743 0.07503949447077408 0.046135410425404436
0 0.4221958925750395 0.6743559017375674 0.07977883096366509 0.03175554224086279
0 0.4146919431279621 0.7183942480527262 0.0679304897314376 0.04793289394847214
0 0.434044233807267 0.774415817855003 0.07819905213270142 0.028160575194727384
0 0.4277251184834123 0.8193529059316956 0.06240126382306477 0.048532055122828044
0 0.28949447077409163 0.8022768124625524 0.07661927330173776 0.028759736369083286
0 0.6236176935229067 0.799281006590773 0.09557661927330173 0.06111443978430198
0 0.641390205371248 0.7079089275014979 0.0995260663507109 0.02696225284601558
0 0.7969984202211691 0.6812462552426602 0.08372827804107424 0.028759736369083286
0 0.7906793048973144 0.7204913121629719 0.0679304897314376 0.04493708807669263
0 0.8127962085308057 0.7944877171959257 0.09004739336492891 0.05152786099460755
0 0.49565560821484994 0.89035350509287 0.19510268562401265 0.05871779508687837
