0 0.283175355450237 0.13421210305572198 0.0971563981042654 0.05632115038945477
0 0.21800947867298578 0.23217495506291194 0.03475513428120063 0.014979029358897543
0 0.25908372827804105 0.23217495506291194 0.02843601895734597 0.018573996405032954
0 0.2575039494470774 0.25704014379868184 0.02843601895734597 0.019173157579388856
0 0.2586887835703002 0.28280407429598564 0.029225908372827805 0.021569802276812464
0 0.21721958925750395 0.2825044937088077 0.03475513428120063 0.01737567405632115
0 0.21761453396524486 0.25584182144997003 0.03712480252764613 0.016776512881965248
0 0.26342812006319116 0.31066506890353507 0.04028436018957346 0.020970641102456562
0 0.21761453396524486 0.31036548831635713 0.03712480252764613 0.017974835230677052
0 0.21721958925750395 0.33822648292390656 0.03475513428120063 0.01737567405632115
0 0.26303317535545023 0.33792690233672856 0.04107424960505529 0.02037147992810066
0 0.2618483412322275 0.36428999400838824 0.04028436018957346 0.02037147992810066
0 0.2231437598736177 0.36458957459556623 0.02448657187993681 0.01737567405632115
0 0.25829383886255924 0.39125224685440385 0.02843601895734597 0.02037147992810066
0 0.21721958925750395 0.3906530856800479 0.037914691943127965 0.02037147992810066
0 0.2575039494470774 0.41581785500299584 0.02843601895734597 0.02037147992810066
0 0.2567140600315956 0.44128220491312165 0.02843601895734597 0.022168963451168366
0 0.2638230647709321 0.4685440383463152 0.04107424960505529 0.02037147992810066
0 0.26342812006319116 0.49670461354104256 0.04028436018957346 0.022768124625524265
0 0.2622432859399684 0.524565608148592 0.03949447077409163 0.020970641102456562
0 0.21721958925750395 0.5263630916716597 0.044233807266982623 0.022168963451168366
0 0.21721958925750395 0.4964050329538646 0.037914691943127965 0.020970641102456562
0 0.21761453396524486 0.4685440383463152 0.038704581358609796 0.019173157579388856
0 0.21642969984202212 0.4421809466746555 0.037914691943127965 0.019173157579388856
0 0.21761453396524486 0.41551827441581785 0.038704581358609796 0.019772318753744758
