0 0.49960505529225907 0.4364889155182744 0.11295418641390205 0.04733373277411624
0 0.2334123222748815 0.5203714799281006 0.04028436018957346 0.023367285799880167
0 0.23499210110584517 0.5524266027561414 0.038704581358609796 0.02756141402037148
0 0.23459715639810427 0.5823846614739365 0.037914691943127965 0.025164769322947873
0 0.2353870458135861 0.6147393648891551 0.04107424960505529 0.026363091671659677
0 0.23420221169036334 0.6455961653684842 0.038704581358609796 0.025763930497303775
0 0.235781990521327 0.6782504493708807 0.035545023696682464 0.03115638106650689
0 0.23617693522906794 0.7153984421809467 0.04897314375987362 0.03235470341521869
0 0.23420221169036334 0.7534451767525464 0.038704581358609796 0.0341521869382864
0 0.23420221169036334 0.7878969442780108 0.038704581358609796 0.025164769322947873
0 0.23617693522906794 0.8187537447573398 0.052132701421800945 0.029358897543439184
0 0.23499210110584517 0.8496105452366687 0.04344391785150079 0.026363091671659677
