0 0.49881516587677727 0.13870581186339126 0.14770932069510267 0.06051527860994608
0 0.36334913112164297 0.2932893948472139 0.05687203791469194 0.023367285799880167
0 0.3637440758293839 0.3214499700419413 0.07661927330173776 0.022168963451168366
0 0.36334913112164297 0.35110844817255843 0.08688783570300158 0.025164769322947873
0 0.3637440758293839 0.40832834032354703 0.08135860979462875 0.02696225284601558
0 0.3645339652448657 0.44607549430796883 0.08135860979462875 0.02696225284601558
0 0.3645339652448657 0.4823247453565009 0.08451816745655608 0.026363091671659677
0 0.3625592417061611 0.5251647693229479 0.08056872037914692 0.029358897543439184
0 0.3657187993680885 0.5641102456560815 0.08214849921011058 0.025763930497303775
0 0.36334913112164297 0.603654883163571 0.08214849921011058 0.028160575194727384
0 0.36334913112164297 0.6423007789095266 0.061611374407582936 0.026363091671659677
0 0.3637440758293839 0.6998202516476932 0.07503949447077408 0.02756141402037148
0 0.36334913112164297 0.7408627920910725 0.07266982622432859 0.028160575194727384
0 0.3637440758293839 0.7759137207908927 0.07187993680884676 0.026363091671659677
0 0.36334913112164297 0.8127621330137808 0.06477093206951026 0.023367285799880167
0 0.36532385466034756 0.8466147393648892 0.060821484992101105 0.025164769322947873
