0 0.3791469194312796 0.2825044937088077 0.17851500789889416 0.08208508088675855
0 0.3732227488151659 0.378070701018574 0.174565560821485 0.07789095266626722
0 0.1872037914691943 0.3238466147393649 0.1769352290679305 0.07849011384062313
0 0.6907582938388626 0.5578190533253445 0.16350710900473933 0.08268424206111444
0 0.693522906793049 0.6632714200119832 0.1579778830963665 0.07789095266626722
0 0.3116113744075829 0.6171360095865788 0.17772511848341233 0.08388256440982625
0 0.4968404423380727 0.6174355901737567 0.1769352290679305 0.07729179149191133
0 0.6816745655608215 0.8406231276213302 0.15955766192733017 0.08388256440982625
0 0.5071090047393365 0.835530257639305 0.1769352290679305 0.09406830437387657
0 0.32503949447077407 0.8460155781905333 0.17614533965244866 0.07908927501497903
