0 0.2571090047393365 0.15038945476333135 0.07977883096366509 0.0347513481126423
0 0.4127172195892575 0.1360095865787897 0.08451816745655608 0.06351108448172559
0 0.560821484992101 0.1384062312762133 0.07898894154818326 0.06710605152786099
0 0.7156398104265402 0.13870581186339126 0.08688783570300158 0.0665068903535051
0 0.7112954186413902 0.27291791491911327 0.1287519747235387 0.08208508088675855
0 0.514218009478673 0.2714200119832235 0.12796208530805686 0.08268424206111444
0 0.2942338072669826 0.2708208508088676 0.12717219589257503 0.08268424206111444
0 0.2938388625592417 0.4104254044337927 0.13270142180094788 0.08148591971240264
0 0.5157977883096366 0.41162372678250453 0.1263823064770932 0.08028759736369083
0 0.7132701421800948 0.4101258238466147 0.12796208530805686 0.08208508088675855
0 0.3400473933649289 0.6252246854403835 0.08767772511848342 0.06530856800479329
0 0.5043443917851501 0.6252246854403835 0.0924170616113744 0.06291192330736968
0 0.6875987361769352 0.6369083283403235 0.12717219589257503 0.08388256440982625
0 0.6864139020537124 0.7768124625524266 0.12954186413902052 0.08208508088675855
0 0.49644549763033174 0.7741162372678251 0.1287519747235387 0.08268424206111444
0 0.30924170616113744 0.774715398442181 0.1287519747235387 0.08268424206111444
