0 0.3380726698262243 0.4652486518873577 0.11690363349131122 0.040143798681845415
0 0.6074249605055292 0.46584781306171363 0.11848341232227488 0.040143798681845415
0 0.6070300157977883 0.5047932893948472 0.11611374407582938 0.040143798681845415
0 0.608609794628752 0.543139604553625 0.11927330173775672 0.040143798681845415
0 0.608214849921011 0.5820850808867586 0.11848341232227488 0.040143798681845415
0 0.33767772511848343 0.5047932893948472 0.11769352290679305 0.03894547633313361
0 0.3380726698262243 0.5446375074895147 0.12006319115323855 0.04074295985620132
0 0.33767772511848343 0.5847813061713601 0.12243285939968404 0.039544637507489516
0 0.33767772511848343 0.6243259436788496 0.11453396524486571 0.039544637507489516
0 0.3380726698262243 0.6659676452965848 0.11848341232227488 0.04373876572798083
0 0.6074249605055292 0.6225284601557819 0.11690363349131122 0.041941282204913125
0 0.6070300157977883 0.6638705811863391 0.11927330173775672 0.04074295985620132
