0 0.34834123222748814 0.1195326542840024 0.06635071090047394 0.02456560814859197
0 0.3400473933649289 0.1824445775913721 0.052922590837282776 0.0329538645895746
0 0.34162717219589256 0.21240263630916717 0.052922590837282776 0.022168963451168366
0 0.3439968404423381 0.31036548831635713 0.060821484992101105 0.021569802276812464
0 0.3420221169036335 0.3873576992210905 0.052132701421800945 0.018573996405032954
0 0.3459715639810427 0.408627920910725 0.06003159557661927 0.019173157579388856
0 0.36216429699842023 0.5143798681845416 0.07503949447077408 0.028160575194727384
0 0.353870458135861 0.5898741761533852 0.06003159557661927 0.022168963451168366
0 0.3518957345971564 0.6132414619532655 0.05608214849921011 0.020970641102456562
0 0.3518957345971564 0.6408028759736369 0.05608214849921011 0.029358897543439184
0 0.35071090047393366 0.6665668064709407 0.05055292259083728 0.01737567405632115
0 0.3811216429699842 0.7642300778909527 0.10031595576619273 0.03654883163571001
0 0.35821484992101105 0.8373277411623727 0.05608214849921011 0.023367285799880167
0 0.3578199052132701 0.8636908328340324 0.053712480252764615 0.020970641102456562
0 0.35742496050552924 0.8873576992210905 0.054502369668246446 0.021569802276812464
0 0.3613744075829384 0.9131216297183943 0.06398104265402843 0.025164769322947873
