0 0.11848341232227488 0.3346315158777711 0.07266982622432859 0.06411024565608149
0 0.28278041074249605 0.33283403235470344 0.10268562401263823 0.0665068903535051
0 0.4312796208530806 0.3325344517675255 0.10110584518167456 0.06710605152786099
0 0.4419431279620853 0.4427801078490114 0.08135860979462875 0.06470940683043738
0 0.4194312796208531 0.5464349910125824 0.11374407582938388 0.028759736369083286
0 0.6804897314375987 0.5251647693229479 0.13191153238546605 0.06530856800479329
0 0.8479462875197472 0.5230677052127022 0.13191153238546605 0.06710605152786099
0 0.8412322274881516 0.6408028759736369 0.14375987361769352 0.06411024565608149
0 0.28870458135860977 0.5377471539844219 0.1018957345971564 0.08568004793289395
0 0.1457345971563981 0.5470341521869383 0.1287519747235387 0.06710605152786099
0 0.15165876777251186 0.4418813660874775 0.13902053712480253 0.06411024565608149
0 0.21248025276461296 0.6449970041941282 0.1406003159557662 0.0713001797483523
0 0.41824644549763035 0.6396045536249251 0.1240126382306477 0.08568004793289395
0 0.5841232227488151 0.6473936488915518 0.1334913112164297 0.11084481725584182
0 0.7748815165876777 0.68274415817855 0.11374407582938388 0.0713001797483523
0 0.2985781990521327 0.4334931096464949 0.13744075829383887 0.08328340323547034
