0 0.28475513428120064 0.1390053924505692 0.15718799368088468 0.0695026962252846
0 0.4948657187993681 0.14080287597363692 0.11769352290679305 0.046734571599760334
0 0.40165876777251186 0.13151587777112042 0.05608214849921011 0.028160575194727384
0 0.5963665086887836 0.13421210305572198 0.052132701421800945 0.02756141402037148
0 0.7109004739336493 0.13780707010185742 0.15323854660347552 0.06351108448172559
0 0.7180094786729858 0.1908328340323547 0.045813586097946286 0.025763930497303775
0 0.7235387045813586 0.22168963451168364 0.05845181674565561 0.022768124625524265
0 0.7255134281200631 0.2555422408627921 0.0655608214849921 0.0341521869382864
0 0.2938388625592417 0.18993409227082086 0.045813586097946286 0.025164769322947873
0 0.3048973143759874 0.22348711803475135 0.06003159557661927 0.02396644697423607
0 0.3048973143759874 0.25823846614739365 0.07109004739336493 0.03834631515877771
0 0.39731437598736175 0.3693828639904134 0.10584518167456555 0.05212702216896345
0 0.19075829383886256 0.37687237866986223 0.10347551342812006 0.039544637507489516
0 0.3033175355450237 0.4343918514080288 0.044233807266982623 0.0347513481126423
0 0.4312796208530806 0.4418813660874775 0.045813586097946286 0.023367285799880167
0 0.43364928909952605 0.48442180946674657 0.044233807266982623 0.03175554224086279
0 0.4486571879936809 0.5137807070101857 0.08530805687203791 0.02456560814859197
0 0.30647709320695105 0.47543439185140807 0.053712480252764615 0.0329538645895746
0 0.30055292259083727 0.5230677052127022 0.04976303317535545 0.02756141402037148
0 0.15165876777251186 0.542840023966447 0.037914691943127965 0.03834631515877771
0 0.15323854660347552 0.5023966446974236 0.05055292259083728 0.02696225284601558
0 0.15679304897314375 0.46494907130017976 0.045023696682464455 0.02396644697423607
0 0.15679304897314375 0.4286998202516477 0.045023696682464455 0.028160575194727384
