0 0.14375987361769352 0.12612342720191733 0.07740916271721959 0.05092869982025165
0 0.24170616113744076 0.12462552426602756 0.10900473933649289 0.05512282804074296
0 0.33965244865718797 0.13630916716596764 0.12796208530805686 0.05811863391252247
0 0.4616903633491311 0.1324146195326543 0.1382306477093207 0.07908927501497903
0 0.6169036334913112 0.12492510485320552 0.10742496050552923 0.06171360095865788
0 0.8021327014218009 0.12702216896345117 0.19036334913112163 0.07669263031755542
0 0.5825434439178515 0.24745356500898744 0.14454976303317535 0.0695026962252846
0 0.3625592417061611 0.24925104853205513 0.14375987361769352 0.07908927501497903
0 0.1623222748815166 0.24685440383463153 0.11453396524486571 0.05032953864589575
0 0.1623222748815166 0.34811264230077893 0.0971563981042654 0.046734571599760334
0 0.36018957345971564 0.347813061713601 0.15007898894154817 0.07369682444577591
0 0.5110584518167457 0.34901138406231275 0.09320695102685624 0.04493708807669263
0 0.6015007898894155 0.3463151587777112 0.08925750394944708 0.06710605152786099
0 0.8037124802527646 0.3556021569802277 0.179304897314376 0.07249850209706411
0 0.717219589257504 0.451168364289994 0.13744075829383887 0.09586578789694428
0 0.5213270142180094 0.45236668663870583 0.13902053712480253 0.08388256440982625
0 0.2740916271721959 0.4415817855002996 0.08846761453396525 0.039544637507489516
0 0.1674565560821485 0.4415817855002996 0.08214849921011058 0.05032953864589575
0 0.3230647709320695 0.5826842420611145 0.1263823064770932 0.0665068903535051
0 0.1484992101105845 0.5742959856201318 0.08056872037914692 0.04973037747153985
0 0.49249605055292256 0.5817855002995806 0.0655608214849921 0.03714799281006591
0 0.5588467614533965 0.5967645296584781 0.06240126382306477 0.07189934092270821
0 0.7661927330173776 0.6402037147992811 0.0995260663507109 0.03175554224086279
0 0.7444707740916272 0.573696824445776 0.12559241706161137 0.0665068903535051
