0 0.35545023696682465 0.11414020371479928 0.27804107424960506 0.06530856800479329
0 0.6532385466034755 0.10904733373277412 0.2638230647709321 0.05751947273816657
0 0.3447867298578199 0.2213900539245057 0.2598736176935229 0.10365488316357101
0 0.641390205371248 0.23157579388855604 0.26540284360189575 0.08448172558418214
0 0.2958135860979463 0.3987417615338526 0.2282780410742496 0.06890353505092871
0 0.6512638230647709 0.3999400838825644 0.2330173775671406 0.06890353505092871
0 0.6453396524486572 0.4991012582384662 0.19747235387045814 0.05032953864589575
0 0.30173775671406 0.5014979029358898 0.2211690363349131 0.05032953864589575
0 0.4470774091627172 0.5955662073097664 0.12322274881516587 0.033553025763930495
0 0.4312796208530806 0.6291192330736969 0.09162717219589257 0.03235470341521869
0 0.4186413902053712 0.6692630317555422 0.13428120063191154 0.03834631515877771
0 0.43167456556082145 0.7183942480527262 0.09083728278041074 0.04433792690233673
0 0.7602685624012638 0.5895745955662073 0.11769352290679305 0.046734571599760334
0 0.744865718799368 0.6390053924505692 0.08846761453396525 0.035350509286998205
0 0.7342022116903634 0.6833433193529059 0.13191153238546605 0.04373876572798083
0 0.7507898894154819 0.7276812462552427 0.0924170616113744 0.04373876572798083
