0 0.259478672985782 0.14979029358897544 0.15718799368088468 0.07669263031755542
0 0.415086887835703 0.15997603355302575 0.1429699842022117 0.09346914319952067
0 0.6635071090047393 0.14200119832234873 0.1769352290679305 0.06231276213301378
0 0.5959715639810427 0.3364289994008388 0.11137440758293839 0.06291192330736968
0 0.4324644549763033 0.33493109646494906 0.08925750394944708 0.06351108448172559
0 0.2815955766192733 0.3313361294188137 0.0703001579778831 0.05751947273816657
0 0.6619273301737757 0.4685440383463152 0.16903633491311215 0.05991611743559017
0 0.42101105845181674 0.4691431995206711 0.1311216429699842 0.06111443978430198
0 0.24328593996840442 0.4685440383463152 0.11374407582938388 0.06351108448172559
0 0.2551342812006319 0.6393049730377471 0.09162717219589257 0.05152786099460755
0 0.12203791469194313 0.6414020371479928 0.07977883096366509 0.05092869982025165
0 0.4166666666666667 0.6393049730377471 0.13507109004739337 0.052726183343319355
