0 0.14652448657187994 0.12462552426602756 0.07661927330173776 0.04313960455362493
0 0.24328593996840442 0.16566806470940684 0.03317535545023697 0.023367285799880167
0 0.31437598736176936 0.158478130617136 0.04739336492890995 0.04493708807669263
0 0.44154818325434436 0.12941881366087477 0.10900473933649289 0.04793289394847214
0 0.6283570300157978 0.12612342720191733 0.10031595576619273 0.046135410425404436
0 0.8096366508688784 0.12762133013780708 0.10110584518167456 0.046734571599760334
0 0.3230647709320695 0.22168963451168364 0.04739336492890995 0.04074295985620132
0 0.2480252764612954 0.22288795686039545 0.04739336492890995 0.046734571599760334
0 0.24407582938388625 0.3079688436189335 0.11374407582938388 0.04553624925104853
0 0.44154818325434436 0.3088675853804674 0.11532385466034754 0.04373876572798083
0 0.6548183254344392 0.30647094068304376 0.12954186413902052 0.06051527860994608
0 0.6406003159557662 0.5299580587177951 0.11374407582938388 0.05811863391252247
0 0.4853870458135861 0.6117435590173756 0.052922590837282776 0.02396644697423607
0 0.5710900473933649 0.6105452366686639 0.045813586097946286 0.02756141402037148
0 0.6532385466034755 0.6096464949071301 0.05055292259083728 0.0329538645895746
0 0.7385466034755134 0.6129418813660875 0.06003159557661927 0.04433792690233673
0 0.8289889415481833 0.6150389454763332 0.06398104265402843 0.04254044337926902
0 0.8313586097946287 0.6938286399041342 0.054502369668246446 0.04553624925104853
0 0.7496050552922591 0.6848412222887957 0.08372827804107424 0.03115638106650689
0 0.6631121642969984 0.695026962252846 0.06398104265402843 0.04553624925104853
0 0.5789889415481833 0.694727381665668 0.0631911532385466 0.046135410425404436
0 0.5035545023696683 0.6833433193529059 0.07661927330173776 0.028160575194727384
0 0.40837282780410744 0.5287597363690832 0.12006319115323855 0.06051527860994608
0 0.18522906793048974 0.5275614140203715 0.11453396524486571 0.06171360095865788
