0 0.19312796208530805 0.14529658478130617 0.21721958925750395 0.07968843618933494
0 0.38744075829383884 0.14110245656081485 0.13981042654028436 0.11683642899940085
0 0.3518957345971564 0.25524266027561415 0.15560821484992102 0.07669263031755542
0 0.15955766192733017 0.26003594967046134 0.10426540284360189 0.05871779508687837
0 0.5679304897314376 0.14170161773517076 0.09162717219589257 0.053325344517675254
0 0.7116903633491312 0.1426003594967046 0.11216429699842022 0.05392450569203116
0 0.8554502369668247 0.1431995206710605 0.08688783570300158 0.05152786099460755
0 0.8625592417061612 0.23067705212702216 0.08688783570300158 0.04913121629718394
0 0.8605845181674565 0.31935290593169563 0.1018957345971564 0.05152786099460755
0 0.8597946287519748 0.40952666267225885 0.08135860979462875 0.05212702216896345
0 0.7140600315955766 0.31875374475733975 0.09004739336492891 0.04913121629718394
0 0.7140600315955766 0.23097663271420013 0.10900473933649289 0.04973037747153985
0 0.5604265402843602 0.23127621330137807 0.09399684044233807 0.05152786099460755
0 0.5695102685624013 0.31845416417016176 0.09636650868878358 0.05212702216896345
0 0.7156398104265402 0.40832834032354703 0.12322274881516587 0.05092869982025165
0 0.8475513428120063 0.4868184541641702 0.0679304897314376 0.04733373277411624
0 0.7180094786729858 0.48532055122828044 0.08846761453396525 0.05032953864589575
0 0.5841232227488151 0.4847213900539245 0.06714060031595577 0.04913121629718394
0 0.5691153238546603 0.40832834032354703 0.08451816745655608 0.05212702216896345
0 0.4060031595576619 0.45356500898741764 0.15165876777251186 0.07789095266626722
0 0.23025276461295419 0.45835829838226483 0.09399684044233807 0.05032953864589575
0 0.12243285939968404 0.45865787896944277 0.08372827804107424 0.04973037747153985
0 0.3890205371248025 0.542240862792091 0.15718799368088468 0.07549430796884363
0 0.18088467614533965 0.542240862792091 0.16429699842022116 0.07669263031755542
