0 0.18127962085308055 0.13031755542240864 0.07819905213270142 0.0341521869382864
0 0.2638230647709321 0.12522468544038345 0.052132701421800945 0.02396644697423607
0 0.3933649289099526 0.12612342720191733 0.09794628751974724 0.0329538645895746
0 0.594391785150079 0.12582384661473936 0.09557661927330173 0.033553025763930495
0 0.580173775671406 0.1902336728579988 0.2014218009478673 0.05212702216896345
0 0.32661927330173773 0.18933493109646496 0.1966824644549763 0.046734571599760334
0 0.29067930489731436 0.24505692031156381 0.08056872037914692 0.04793289394847214
0 0.5217219589257504 0.24865188735769922 0.12717219589257503 0.02756141402037148
0 0.5703001579778831 0.31126423007789095 0.10110584518167456 0.028160575194727384
0 0.6895734597156398 0.3118633912522469 0.0995260663507109 0.02456560814859197
0 0.7772511848341233 0.25104853205512284 0.09162717219589257 0.025164769322947873
0 0.7788309636650869 0.1896345116836429 0.10900473933649289 0.022168963451168366
0 0.740521327014218 0.12552426602756142 0.054502369668246446 0.023367285799880167
0 0.8191153238546603 0.12612342720191733 0.07266982622432859 0.025763930497303775
0 0.30529225908372826 0.42780107849011384 0.12559241706161137 0.033553025763930495
0 0.5631911532385466 0.4478729778310366 0.38072669826224326 0.08088675853804674
0 0.6303317535545023 0.5386458957459557 0.09636650868878358 0.06231276213301378
0 0.6157187993680885 0.622228879568604 0.11927330173775672 0.03654883163571001
0 0.45537124802527645 0.6177351707609348 0.1334913112164297 0.05392450569203116
0 0.4834123222748815 0.5320551228280408 0.15323854660347552 0.04433792690233673
0 0.3278041074249605 0.5320551228280408 0.14533965244865718 0.04913121629718394
0 0.3155608214849921 0.6189334931096465 0.0924170616113744 0.03714799281006591
