0 0.14454976303317535 0.2660275614140204 0.11216429699842022 0.07429598562013182
0 0.27804107424960506 0.26632714200119834 0.11848341232227488 0.07849011384062313
0 0.40639810426540285 0.26123427201917315 0.11927330173775672 0.05871779508687837
0 0.41627172195892576 0.34901138406231275 0.07582938388625593 0.08807669263031756
0 0.283175355450237 0.3588975434391852 0.09873617693522907 0.05512282804074296
0 0.15600315955766192 0.359796285200719 0.13191153238546605 0.0665068903535051
0 0.6812796208530806 0.49670461354104256 0.17298578199052134 0.06351108448172559
0 0.5067140600315956 0.4964050329538646 0.17298578199052134 0.0713001797483523
0 0.32385466034755134 0.5002995805871779 0.18325434439178515 0.06351108448172559
0 0.3179304897314376 0.5802875973636908 0.174565560821485 0.06171360095865788
0 0.2571090047393365 0.7085080886758538 0.06714060031595577 0.035350509286998205
0 0.3929699842022117 0.7100059916117436 0.0924170616113744 0.03834631515877771
0 0.5545023696682464 0.7127022168963452 0.09162717219589257 0.04254044337926902
0 0.7097156398104265 0.7082085080886759 0.0703001579778831 0.041941282204913125
0 0.7235387045813586 0.7723187537447573 0.10110584518167456 0.03834631515877771
0 0.5908372827804107 0.7732174955062913 0.11216429699842022 0.035350509286998205
0 0.43799368088467616 0.774715398442181 0.0971563981042654 0.039544637507489516
0 0.5367298578199052 0.8394248052726183 0.09557661927330173 0.03834631515877771
0 0.3692733017377567 0.8370281605751948 0.08609794628751975 0.03714799281006591
0 0.3179304897314376 0.7762133013780708 0.1066350710900474 0.035350509286998205
