0 0.45300157977883093 0.15038945476333135 0.08609794628751975 0.0683043738765728
0 0.6642969984202212 0.15997603355302575 0.08530805687203791 0.08388256440982625
0 0.2559241706161137 0.31935290593169563 0.11374407582938388 0.08508088675853805
0 0.4940758293838862 0.31965248651887357 0.11137440758293839 0.08208508088675855
0 0.7377567140600316 0.3115638106650689 0.11058451816745656 0.0659077291791492
0 0.17614533965244866 0.5715997603355303 0.1484992101105845 0.06470940683043738
0 0.3767772511848341 0.5715997603355303 0.15007898894154817 0.06710605152786099
0 0.5809636650868878 0.5721989215098862 0.16982622432859398 0.06470940683043738
0 0.8092417061611374 0.5718993409227082 0.17772511848341233 0.06411024565608149
0 0.17851500789889416 0.7462552426602757 0.15481832543443919 0.06890353505092871
0 0.38941548183254343 0.7456560814859198 0.15323854660347552 0.0701018573996405
0 0.5904423380726698 0.7525464349910126 0.1524486571879937 0.08148591971240264
0 0.8214849921011058 0.7519472738166567 0.15323854660347552 0.08028759736369083
