0 0.49842022116903634 0.11773517076093469 0.15165876777251186 0.03894547633313361
0 0.34913112164297 0.1908328340323547 0.044233807266982623 0.02456560814859197
0 0.34834123222748814 0.2219892150988616 0.042654028436018954 0.03894547633313361
0 0.34834123222748814 0.25883762732174953 0.07109004739336493 0.029958058717795086
0 0.34913112164297 0.29119233073696826 0.06951026856240126 0.03115638106650689
0 0.34913112164297 0.3274415817855003 0.06951026856240126 0.04134212103055722
0 0.34755134281200634 0.3621929298981426 0.044233807266982623 0.025763930497303775
0 0.34873617693522907 0.3876572798082684 0.04660347551342812 0.026363091671659677
0 0.3471563981042654 0.42001198322348715 0.04818325434439179 0.03834631515877771
0 0.3479462875197472 0.45236668663870583 0.08609794628751975 0.02756141402037148
0 0.3479462875197472 0.48142600359496707 0.08451816745655608 0.029358897543439184
0 0.34873617693522907 0.5176752546434991 0.08293838862559241 0.04313960455362493
0 0.34755134281200634 0.5536249251048532 0.044233807266982623 0.029958058717795086
0 0.34755134281200634 0.5880766926303176 0.044233807266982623 0.03894547633313361
0 0.34834123222748814 0.6264230077890953 0.044233807266982623 0.03894547633313361
0 0.3499210110584518 0.6596764529658479 0.0679304897314376 0.029958058717795086
0 0.3495260663507109 0.6893349310964649 0.0703001579778831 0.029358897543439184
0 0.3499210110584518 0.7174955062911923 0.05845181674565561 0.02696225284601558
0 0.3495260663507109 0.7444577591372079 0.05924170616113744 0.029358897543439184
0 0.3499210110584518 0.7735170760934692 0.06003159557661927 0.028759736369083286
0 0.3495260663507109 0.8061713600958658 0.04186413902053712 0.03654883163571001
0 0.3499210110584518 0.8376273217495507 0.07109004739336493 0.02756141402037148
0 0.35071090047393366 0.8666866387058119 0.07109004739336493 0.03055721989215099
0 0.34873617693522907 0.9020371479928101 0.0655608214849921 0.040143798681845415
