0 0.30924170616113744 0.17974835230677053 0.1240126382306477 0.02756141402037148
0 0.6204581358609794 0.18034751348112643 0.09083728278041074 0.02756141402037148
0 0.7274881516587678 0.17825044937088078 0.04897314375987362 0.01737567405632115
0 0.6737756714060031 0.3271420011983224 0.1627172195892575 0.05152786099460755
0 0.6718009478672986 0.37896944278010786 0.165086887835703 0.05212702216896345
0 0.6769352290679305 0.4364889155182744 0.17535545023696683 0.05212702216896345
0 0.6714060031595577 0.49071300179748356 0.16587677725118483 0.05632115038945477
0 0.6718009478672986 0.54823247453565 0.165086887835703 0.05392450569203116
0 0.6757503949447077 0.6060515278609946 0.16666666666666666 0.053325344517675254
0 0.6591627172195893 0.6749550629119233 0.08609794628751975 0.03055721989215099
0 0.8475513428120063 0.6779508687837028 0.09794628751974724 0.03894547633313361
