0 0.3155608214849921 0.33582983822648294 0.15560821484992102 0.07609346914319952
0 0.49170616113744076 0.33283403235470344 0.15402843601895735 0.07968843618933494
0 0.674565560821485 0.33193529059316956 0.15639810426540285 0.08388256440982625
0 0.6951026856240127 0.4263031755542241 0.15955766192733017 0.08328340323547034
0 0.5173775671406003 0.4263031755542241 0.17535545023696683 0.08448172558418214
0 0.3353080568720379 0.42360695026962253 0.174565560821485 0.09107249850209706
0 0.49921011058451814 0.6000599161174356 0.11848341232227488 0.06291192330736968
0 0.32109004739336494 0.7228879568603954 0.04186413902053712 0.020970641102456562
0 0.31990521327014215 0.756740563211504 0.04739336492890995 0.03115638106650689
0 0.31990521327014215 0.7905931695626124 0.045813586097946286 0.023367285799880167
0 0.3147709320695103 0.8211503894547634 0.04818325434439179 0.025763930497303775
0 0.3234597156398104 0.8547034152186939 0.04818325434439179 0.028160575194727384
