0 0.30055292259083727 0.14649490713001798 0.13033175355450236 0.08448172558418214
0 0.49842022116903634 0.14649490713001798 0.12954186413902052 0.09047333732774117
0 0.6958925750394944 0.14739364889155182 0.1263823064770932 0.08508088675853805
0 0.48380726698262244 0.28759736369083283 0.1287519747235387 0.08268424206111444
0 0.3029225908372828 0.2860994607549431 0.1287519747235387 0.08448172558418214
0 0.2626382306477093 0.4529658478130617 0.08767772511848342 0.0659077291791492
0 0.4391785150078989 0.4517675254643499 0.08688783570300158 0.0695026962252846
0 0.6263823064770931 0.4562612342720192 0.08688783570300158 0.0665068903535051
0 0.7496050552922591 0.4517675254643499 0.08688783570300158 0.06710605152786099
0 0.6279620853080569 0.5928699820251648 0.08372827804107424 0.07609346914319952
0 0.457740916271722 0.5874775314559617 0.09083728278041074 0.07729179149191133
0 0.2665876777251185 0.5946674655482325 0.13191153238546605 0.08448172558418214
