0 0.3755924170616114 0.1530856800479329 0.10505529225908372 0.09286998202516478
0 0.4221958925750395 0.26333133612941884 0.06714060031595577 0.02696225284601558
0 0.4221958925750395 0.29808268424206114 0.06714060031595577 0.029358897543439184
0 0.42496050552922593 0.33493109646494906 0.08056872037914692 0.026363091671659677
0 0.4233807266982622 0.3708807669263032 0.06951026856240126 0.03115638106650689
0 0.4225908372827804 0.4059316956261234 0.06635071090047394 0.028160575194727384
0 0.32898894154818326 0.4068304373876573 0.06872037914691943 0.03115638106650689
0 0.32898894154818326 0.3693828639904134 0.0703001579778831 0.0329538645895746
0 0.3281990521327014 0.29898142600359495 0.06240126382306477 0.026363091671659677
0 0.3278041074249605 0.2627321749550629 0.07109004739336493 0.029358897543439184
0 0.32898894154818326 0.33493109646494906 0.08135860979462875 0.028759736369083286
0 0.3767772511848341 0.47393648891551826 0.1627172195892575 0.04074295985620132
0 0.37756714060031593 0.5521270221689635 0.15323854660347552 0.10365488316357101
