0 0.3104265402843602 0.15877771120431397 0.05529225908372828 0.0659077291791492
0 0.44549763033175355 0.15668064709406831 0.0679304897314376 0.046135410425404436
0 0.6291469194312796 0.16327142001198322 0.0924170616113744 0.03654883163571001
0 0.7839652448657188 0.12762133013780708 0.06714060031595577 0.05032953864589575
0 0.7867298578199052 0.18993409227082086 0.08214849921011058 0.0347513481126423
0 0.7863349131121643 0.2549430796884362 0.08451816745655608 0.0341521869382864
0 0.6283570300157978 0.25584182144997003 0.08135860979462875 0.04913121629718394
0 0.4490521327014218 0.27890952666267227 0.0703001579778831 0.03654883163571001
0 0.4423380726698262 0.21749550629119233 0.053712480252764615 0.046734571599760334
0 0.31516587677725116 0.2519472738166567 0.07109004739336493 0.03894547633313361
0 0.5173775671406003 0.33942480527261837 0.19589257503949448 0.056920311563810666
0 0.5620063191153238 0.4706411024565608 0.06872037914691943 0.04373876572798083
0 0.7393364928909952 0.4745356500898742 0.08846761453396525 0.05392450569203116
0 0.7401263823064771 0.5557219892150989 0.09004739336492891 0.053325344517675254
0 0.7393364928909952 0.633912522468544 0.08688783570300158 0.04553624925104853
0 0.5616113744075829 0.6291192330736969 0.06635071090047394 0.03115638106650689
0 0.5616113744075829 0.5497303774715399 0.06951026856240126 0.04493708807669263
0 0.3862559241706161 0.5494307968843619 0.061611374407582936 0.04433792690233673
0 0.3854660347551343 0.6120431396045536 0.0631911532385466 0.0329538645895746
0 0.3842812006319115 0.494008388256441 0.06240126382306477 0.04254044337926902
0 0.24644549763033174 0.49251048532055125 0.0679304897314376 0.041941282204913125
0 0.2480252764612954 0.5485320551228281 0.07266982622432859 0.04493708807669263
0 0.2531595576619273 0.6111443978430198 0.054502369668246446 0.033553025763930495
0 0.4972353870458136 0.6926303175554224 0.1966824644549763 0.05632115038945477
