0 0.49960505529225907 0.12282804074295986 0.11453396524486571 0.04433792690233673
0 0.32661927330173773 0.201318154583583 0.11927330173775672 0.033553025763930495
0 0.32582938388625593 0.2504493708807669 0.12085308056872038 0.04074295985620132
0 0.32701421800947866 0.30227681246255245 0.12322274881516587 0.03894547633313361
0 0.6947077409162717 0.20161773517076093 0.05608214849921011 0.028160575194727384
0 0.6943127962085308 0.2507489514679449 0.09636650868878358 0.048532055122828044
0 0.6951026856240127 0.2998801677651288 0.10584518167456555 0.03894547633313361
0 0.325434439178515 0.35140802875973637 0.07898894154818326 0.04733373277411624
0 0.325434439178515 0.40473337327741166 0.10426540284360189 0.04733373277411624
0 0.32661927330173773 0.4469742360695027 0.06714060031595577 0.0347513481126423
0 0.693522906793049 0.3517076093469143 0.07266982622432859 0.03115638106650689
0 0.6954976303317535 0.40443379269023366 0.07345971563981042 0.03714799281006591
0 0.6951026856240127 0.44607549430796883 0.08372827804107424 0.028160575194727384
0 0.6951026856240127 0.494008388256441 0.12322274881516587 0.03774715398442181
0 0.32701421800947866 0.4928100659077292 0.05845181674565561 0.04373876572798083
0 0.32661927330173773 0.542840023966447 0.05608214849921011 0.04074295985620132
0 0.6951026856240127 0.542840023966447 0.1263823064770932 0.039544637507489516
0 0.6951026856240127 0.5895745955662073 0.12322274881516587 0.039544637507489516
0 0.6939178515007899 0.6291192330736969 0.08609794628751975 0.03235470341521869
0 0.6947077409162717 0.6740563211503895 0.08293838862559241 0.03115638106650689
0 0.32582938388625593 0.5877771120431396 0.08609794628751975 0.03235470341521869
0 0.32622432859399686 0.6333133612941881 0.08846761453396525 0.03115638106650689
0 0.325434439178515 0.677052127022169 0.08372827804107424 0.028759736369083286
0 0.32582938388625593 0.7210904733373278 0.04818325434439179 0.03055721989215099
