0 0.18641390205371247 0.13690832834032354 0.08056872037914692 0.03894547633313361
0 0.2697472353870458 0.1372079089275015 0.05608214849921011 0.05032953864589575
0 0.4849921011058452 0.1384062312762133 0.15323854660347552 0.0695026962252846
0 0.7247235387045814 0.14230077890952667 0.17298578199052134 0.07609346914319952
0 0.7586887835703001 0.2513481126423008 0.18246445497630331 0.07729179149191133
0 0.5379146919431279 0.2504493708807669 0.08214849921011058 0.05512282804074296
0 0.39968404423380727 0.25224685440383465 0.13270142180094788 0.04913121629718394
0 0.1895734597156398 0.24236069502696225 0.08056872037914692 0.03894547633313361
0 0.11927330173775672 0.3978430197723188 0.07424960505529225 0.033553025763930495
0 0.28672985781990523 0.39604553624925104 0.07266982622432859 0.03235470341521869
0 0.45023696682464454 0.39724385859796285 0.0631911532385466 0.03235470341521869
0 0.38507109004739337 0.47483523067705213 0.15560821484992102 0.0665068903535051
0 0.16429699842022116 0.4751348112642301 0.11058451816745656 0.06710605152786099
