0 0.4221958925750395 0.1536848412222888 0.08135860979462875 0.09646494907130018
0 0.566350710900474 0.15398442180946675 0.0995260663507109 0.09826243259436789
0 0.6121642969984202 0.3151587777112043 0.04107424960505529 0.017974835230677052
0 0.3526856240126382 0.3151587777112043 0.04186413902053712 0.019173157579388856
0 0.353870458135861 0.34511683642899943 0.042654028436018954 0.015578190533253445
0 0.3467614533965245 0.372079089275015 0.030015797788309637 0.025164769322947873
0 0.3645339652448657 0.4020371479928101 0.06398104265402843 0.026363091671659677
0 0.3578199052132701 0.43019772318753746 0.053712480252764615 0.017974835230677052
0 0.3522906793048973 0.46584781306171363 0.04107424960505529 0.02696225284601558
0 0.6133491311216429 0.3445176752546435 0.04186413902053712 0.016776512881965248
0 0.6062401263823065 0.37357699221090473 0.029225908372827805 0.023367285799880167
0 0.6240126382306477 0.40233672857998803 0.06477093206951026 0.02696225284601558
0 0.617693522906793 0.4316956261234272 0.052132701421800945 0.019772318753744758
0 0.6109794628751974 0.46494907130017976 0.038704581358609796 0.026363091671659677
0 0.6165086887835702 0.5017974835230677 0.04976303317535545 0.02696225284601558
0 0.6236176935229067 0.5296584781306172 0.06240126382306477 0.022768124625524265
0 0.3570300157977883 0.5011983223487119 0.04897314375987362 0.029358897543439184
0 0.36216429699842023 0.5308568004793289 0.06240126382306477 0.02396644697423607
