0 0.4178515007898894 0.1431995206710605 0.17061611374407581 0.07669263031755542
0 0.5675355450236966 0.14200119832234873 0.05134281200631911 0.05392450569203116
0 0.6133491311216429 0.140203714799281 0.0339652448657188 0.05392450569203116
0 0.6504739336492891 0.14080287597363692 0.035545023696682464 0.05632115038945477
0 0.25829383886255924 0.2690233672857999 0.04107424960505529 0.04793289394847214
0 0.259478672985782 0.31845416417016176 0.04818325434439179 0.046135410425404436
0 0.2606635071090047 0.36758538046734573 0.04897314375987362 0.048532055122828044
0 0.2606635071090047 0.4182144997004194 0.04897314375987362 0.04433792690233673
0 0.26105845181674564 0.4670461354104254 0.05924170616113744 0.04493708807669263
0 0.2598736176935229 0.5152786099460755 0.061611374407582936 0.046734571599760334
0 0.2606635071090047 0.5614140203714799 0.05687203791469194 0.04313960455362493
0 0.26105845181674564 0.6075494307968844 0.054502369668246446 0.04553624925104853
0 0.2598736176935229 0.658478130617136 0.03949447077409163 0.05152786099460755
0 0.259478672985782 0.7082085080886759 0.04028436018957346 0.04793289394847214
0 0.2618483412322275 0.7651288196524866 0.045023696682464455 0.05991611743559017
0 0.2606635071090047 0.8253445176752546 0.044233807266982623 0.06291192330736968
