0 0.1386255924170616 0.28460155781905333 0.10979462875197472 0.06470940683043738
0 0.3791469194312796 0.2414619532654284 0.1674565560821485 0.06111443978430198
0 0.3834913112164297 0.31935290593169563 0.2014218009478673 0.06351108448172559
0 0.2985781990521327 0.47303774715398444 0.11216429699842022 0.0677052127022169
0 0.4537914691943128 0.47393648891551826 0.11453396524486571 0.06710605152786099
0 0.6962875197472354 0.4736369083283403 0.11611374407582938 0.0665068903535051
0 0.4095576619273302 0.5587177950868784 0.1287519747235387 0.06890353505092871
0 0.6540284360189573 0.5757938885560215 0.11058451816745656 0.02756141402037148
0 0.669431279620853 0.6782504493708807 0.21879936808846762 0.0683043738765728
0 0.4032385466034755 0.6779508687837028 0.21879936808846762 0.0677052127022169
0 0.27014218009478674 0.7834032354703415 0.11374407582938388 0.0677052127022169
0 0.4166666666666667 0.7846015578190534 0.11137440758293839 0.0665068903535051
0 0.5841232227488151 0.7825044937088077 0.10821484992101106 0.0683043738765728
0 0.7195892575039494 0.7834032354703415 0.1263823064770932 0.0665068903535051
0 0.6958925750394944 0.8825644098262433 0.16587677725118483 0.0659077291791492
0 0.42180094786729855 0.8849610545236669 0.21484992101105846 0.06470940683043738
