0 0.21484992101105846 0.14349910125823848 0.0995260663507109 0.04973037747153985
0 0.37796208530805686 0.14349910125823848 0.1018957345971564 0.04973037747153985
0 0.37282780410742494 0.28579988016776514 0.08846761453396525 0.0683043738765728
0 0.21090047393364927 0.2780107849011384 0.09162717219589257 0.05392450569203116
0 0.5548973143759873 0.2860994607549431 0.1334913112164297 0.0677052127022169
0 0.7646129541864138 0.2774116237267825 0.13428120063191154 0.04793289394847214
0 0.20853080568720378 0.4170161773517076 0.09004739336492891 0.039544637507489516
0 0.16943127962085308 0.6171360095865788 0.0971563981042654 0.04553624925104853
0 0.3684834123222749 0.616237267825045 0.1524486571879937 0.048532055122828044
0 0.5880726698262243 0.6165368484122229 0.15086887835703 0.04913121629718394
0 0.80173775671406 0.6165368484122229 0.15481832543443919 0.04793289394847214
