0 0.29265402843601895 0.12852007189934092 0.0924170616113744 0.04973037747153985
0 0.29265402843601895 0.17645296584781306 0.0971563981042654 0.03774715398442181
0 0.5015797788309636 0.14739364889155182 0.11690363349131122 0.08028759736369083
0 0.70260663507109 0.14589574595566207 0.10347551342812006 0.08328340323547034
0 0.7523696682464455 0.34002396644697425 0.1066350710900474 0.056920311563810666
0 0.4794628751974723 0.3409227082085081 0.11848341232227488 0.05751947273816657
0 0.24921011058451817 0.34481725584182144 0.11137440758293839 0.040143798681845415
0 0.2764612954186414 0.4475733972438586 0.07109004739336493 0.035949670461354104
0 0.2764612954186414 0.49041342121030557 0.07109004739336493 0.03774715398442181
0 0.2768562401263823 0.530257639304973 0.0703001579778831 0.026363091671659677
0 0.27606635071090047 0.5632115038945477 0.07187993680884676 0.02756141402037148
0 0.27804107424960506 0.5928699820251648 0.06951026856240126 0.023367285799880167
0 0.27764612954186413 0.6204313960455362 0.06872037914691943 0.022168963451168366
0 0.27567140600315954 0.6533852606351108 0.06951026856240126 0.03055721989215099
0 0.2768562401263823 0.688735769922109 0.06714060031595577 0.028160575194727384
0 0.27764612954186413 0.7216896345116837 0.0703001579778831 0.02456560814859197
0 0.2764612954186414 0.7540443379269024 0.07109004739336493 0.03175554224086279
0 0.2768562401263823 0.7917914919113241 0.0703001579778831 0.03055721989215099
0 0.2764612954186414 0.8316357100059917 0.07109004739336493 0.03834631515877771
