0 0.20300157977883096 0.13001797483523067 0.036334913112164295 0.05032953864589575
0 0.24684044233807267 0.13061713600958658 0.0339652448657188 0.05032953864589575
0 0.29739336492890994 0.1360095865787897 0.04660347551342812 0.039544637507489516
0 0.35545023696682465 0.13511084481725585 0.04739336492890995 0.04373876572798083
0 0.4087677725118483 0.13391252246854404 0.038704581358609796 0.04254044337926902
0 0.40205371248025273 0.22468544038346316 0.036334913112164295 0.04433792690233673
0 0.3056872037914692 0.2201917315757939 0.03317535545023697 0.05212702216896345
0 0.2575039494470774 0.2219892150988616 0.036334913112164295 0.05572198921509886
0 0.20616113744075829 0.2243858597962852 0.036334913112164295 0.04733373277411624
0 0.15560821484992102 0.22828040742959857 0.030015797788309637 0.03714799281006591
0 0.35347551342812006 0.21929298981426004 0.035545023696682464 0.02396644697423607
0 0.1579778830963665 0.13511084481725585 0.0315955766192733 0.025763930497303775
