0 0.25829383886255924 0.18514080287597365 0.04897314375987362 0.04313960455362493
0 0.3471563981042654 0.1872378669862193 0.060821484992101105 0.040143798681845415
0 0.4853870458135861 0.18154583582983824 0.0655608214849921 0.05871779508687837
0 0.6390205371248026 0.13391252246854404 0.08846761453396525 0.06171360095865788
0 0.6425750394944708 0.23127621330137807 0.09399684044233807 0.05871779508687837
0 0.6330963665086887 0.31455961653684844 0.08609794628751975 0.04553624925104853
0 0.4609004739336493 0.31426003594967045 0.08767772511848342 0.046135410425404436
0 0.6334913112164297 0.39844218094667466 0.08530805687203791 0.04433792690233673
0 0.292259083728278 0.3579988016776513 0.07582938388625593 0.048532055122828044
0 0.4609004739336493 0.3987417615338526 0.08925750394944708 0.04493708807669263
0 0.5157977883096366 0.48412222887956863 0.09162717219589257 0.08268424206111444
0 0.6686413902053713 0.49730377471539844 0.09083728278041074 0.08028759736369083
0 0.35110584518167454 0.49071300179748356 0.07661927330173776 0.05871779508687837
0 0.2519747235387046 0.49011384062312763 0.08846761453396525 0.06231276213301378
