0 0.2819905213270142 0.12312762133013781 0.09794628751974724 0.03654883163571001
0 0.39731437598736175 0.12222887956860395 0.09794628751974724 0.03834631515877771
0 0.5304107424960506 0.14919113241461954 0.08925750394944708 0.039544637507489516
0 0.6895734597156398 0.14649490713001798 0.1484992101105845 0.03654883163571001
0 0.27764612954186413 0.18394248052726184 0.08767772511848342 0.03714799281006591
0 0.2476303317535545 0.34301977231875375 0.19826224328593997 0.035350509286998205
0 0.4913112164296998 0.30527261833433195 0.19273301737756715 0.03894547633313361
0 0.48854660347551343 0.3786698621929299 0.20458135860979462 0.035949670461354104
0 0.7330173775671406 0.3013780707010186 0.22906793048973143 0.03834631515877771
0 0.7306477093206951 0.38106650689035354 0.23696682464454977 0.035949670461354104
