0 0.5995260663507109 0.12552426602756142 0.1943127962085308 0.040143798681845415
0 0.3977093206951027 0.12762133013780708 0.19510268562401265 0.039544637507489516
0 0.46327014218009477 0.21689634511683645 0.054502369668246446 0.035949670461354104
0 0.46327014218009477 0.26842420611144396 0.052922590837282776 0.03714799281006591
0 0.44036334913112163 0.32354703415218694 0.08609794628751975 0.033553025763930495
0 0.4486571879936809 0.3738765727980827 0.08688783570300158 0.033553025763930495
0 0.457740916271722 0.42420611144397846 0.0703001579778831 0.029958058717795086
0 0.4565560821484992 0.47423606950269626 0.0679304897314376 0.03055721989215099
0 0.44826224328593994 0.5146794487717196 0.08767772511848342 0.03235470341521869
0 0.44747235387045814 0.5533253445176752 0.08609794628751975 0.0329538645895746
0 0.44786729857819907 0.5958657878969443 0.08688783570300158 0.03175554224086279
0 0.44786729857819907 0.6348112642300779 0.08688783570300158 0.0329538645895746
0 0.457740916271722 0.676752546434991 0.06872037914691943 0.03055721989215099
0 0.44786729857819907 0.7153984421809467 0.08688783570300158 0.033553025763930495
0 0.4395734597156398 0.7534451767525464 0.08767772511848342 0.0329538645895746
0 0.46287519747235384 0.7956860395446376 0.053712480252764615 0.03714799281006591
0 0.46287519747235384 0.8361294188136609 0.052132701421800945 0.035350509286998205
