0 0.20576619273301738 0.3313361294188137 0.08925750394944708 0.03235470341521869
0 0.19865718799368087 0.3876572798082684 0.07503949447077408 0.03115638106650689
0 0.19865718799368087 0.4215098861593769 0.07661927330173776 0.029358897543439184
0 0.1994470774091627 0.4559616536848412 0.07819905213270142 0.03235470341521869
0 0.19628751974723538 0.4889155182744158 0.07187993680884676 0.029958058717795086
0 0.19747235387045814 0.5218693828639904 0.07424960505529225 0.029958058717795086
0 0.1994470774091627 0.5560215698022768 0.07661927330173776 0.03235470341521869
0 0.19470774091627172 0.5883762732174955 0.06872037914691943 0.026363091671659677
0 0.3625592417061611 0.6749550629119233 0.07266982622432859 0.02456560814859197
0 0.36216429699842023 0.7579388855602157 0.04186413902053712 0.021569802276812464
0 0.36532385466034756 0.7819053325344518 0.035545023696682464 0.016776512881965248
0 0.36295418641390204 0.8106650689035351 0.035545023696682464 0.026363091671659677
0 0.36295418641390204 0.8418214499700419 0.04028436018957346 0.026363091671659677
0 0.36295418641390204 0.8696824445775914 0.04818325434439179 0.02456560814859197
0 0.36295418641390204 0.8933493109646495 0.045023696682464455 0.013181545835829839
0 0.36334913112164297 0.914319952067106 0.020537124802527645 0.015578190533253445
