0 0.28278041074249605 0.1536848412222888 0.1627172195892575 0.0713001797483523
0 0.7132701421800948 0.13271420011983223 0.1358609794628752 0.05452366686638706
0 0.6777251184834123 0.2171959257040144 0.05845181674565561 0.03654883163571001
0 0.6804897314375987 0.26333133612941884 0.08293838862559241 0.040143798681845415
0 0.6800947867298578 0.3088675853804674 0.08530805687203791 0.04134212103055722
0 0.6777251184834123 0.35440383463151587 0.07582938388625593 0.04134212103055722
0 0.6796998420221169 0.3996405032953865 0.07503949447077408 0.03714799281006591
0 0.6781200631911533 0.4433792690233673 0.0703001579778831 0.039544637507489516
0 0.6781200631911533 0.4865188735769922 0.0703001579778831 0.035949670461354104
0 0.6796998420221169 0.5269622528460156 0.05608214849921011 0.03055721989215099
0 0.6781200631911533 0.560814859197124 0.05766192733017377 0.026363091671659677
0 0.6793048973143759 0.5955662073097664 0.05529225908372828 0.033553025763930495
