0 0.29660347551342814 0.1536848412222888 0.13507109004739337 0.1012582384661474
0 0.5560821484992101 0.10934691431995207 0.08214849921011058 0.059316956261234274
0 0.4755134281200632 0.14289994008388257 0.12954186413902052 0.04973037747153985
0 0.773696682464455 0.13511084481725585 0.146129541864139 0.0677052127022169
0 0.7863349131121643 0.21300179748352308 0.16192733017377567 0.06171360095865788
0 0.6208530805687204 0.2067106051527861 0.09794628751974724 0.05632115038945477
0 0.7890995260663507 0.323247453565009 0.1406003159557662 0.05572198921509886
0 0.5928120063191153 0.3079688436189335 0.146129541864139 0.08388256440982625
0 0.41390205371248023 0.2207908927501498 0.08214849921011058 0.059316956261234274
0 0.3522906793048973 0.3085680047932894 0.1406003159557662 0.07908927501497903
0 0.20063191153238547 0.3079688436189335 0.14218009478672985 0.07070101857399641
0 0.22748815165876776 0.39724385859796285 0.14533965244865718 0.06710605152786099
0 0.46248025276461296 0.4355901737567406 0.13033175355450236 0.08388256440982625
0 0.6192733017377567 0.43529059316956265 0.14533965244865718 0.07489514679448772
0 0.7847551342812006 0.42660275614140203 0.14928909952606634 0.07189934092270821
0 0.3712480252764613 0.6270221689634512 0.2685624012638231 0.08807669263031756
0 0.65086887835703 0.6276213301378071 0.2211690363349131 0.12522468544038345
0 0.20458135860979462 0.7786099460754943 0.11848341232227488 0.04493708807669263
0 0.3613744075829384 0.7798082684242061 0.13665086887835703 0.04733373277411624
0 0.5323854660347551 0.7768124625524266 0.10900473933649289 0.04493708807669263
0 0.7298578199052133 0.8124625524266028 0.2401263823064771 0.1330137807070102
0 0.3542654028436019 0.85380467345716 0.2519747235387046 0.07669263031755542
