0 0.2598736176935229 0.5011983223487119 0.28278041074249605 0.06530856800479329
0 0.3305687203791469 0.616237267825045 0.2282780410742496 0.06411024565608149
0 0.15995260663507108 0.6168364289994008 0.08293838862559241 0.06291192330736968
0 0.5987361769352291 0.4685440383463152 0.04739336492890995 0.039544637507489516
0 0.7097156398104265 0.46794487717195926 0.054502369668246446 0.03714799281006591
0 0.8270142180094786 0.46884361893349313 0.05055292259083728 0.03654883163571001
0 0.8467614533965244 0.5209706411024566 0.06003159557661927 0.02696225284601558
0 0.8854660347551343 0.5674056321150389 0.06003159557661927 0.028759736369083286
0 0.7681674565560821 0.5677052127022169 0.05766192733017377 0.03055721989215099
0 0.6875987361769352 0.5638106650689035 0.04976303317535545 0.035949670461354104
0 0.7152448657187993 0.5200718993409227 0.07345971563981042 0.03115638106650689
0 0.5872827804107424 0.5194727381665668 0.07345971563981042 0.03235470341521869
0 0.565955766192733 0.5623127621330138 0.045023696682464455 0.03654883163571001
0 0.7377567140600316 0.6264230077890953 0.15165876777251186 0.04373876572798083
0 0.858214849921011 0.7103055721989215 0.07187993680884676 0.053325344517675254
0 0.8495260663507109 0.7890952666267226 0.08609794628751975 0.06351108448172559
0 0.6477093206951027 0.7237866986219293 0.06635071090047394 0.05512282804074296
0 0.6484992101105845 0.7828040742959856 0.061611374407582936 0.04373876572798083
0 0.8550552922590837 0.865787896944278 0.09083728278041074 0.05632115038945477
0 0.641390205371248 0.8517076093469144 0.08846761453396525 0.05572198921509886
0 0.4759083728278041 0.8526063511084482 0.08609794628751975 0.05632115038945477
0 0.47985781990521326 0.7471539844218095 0.0655608214849921 0.041941282204913125
0 0.3183254344391785 0.8073696824445776 0.06477093206951026 0.04493708807669263
0 0.1769352290679305 0.8058717795086878 0.0631911532385466 0.04913121629718394
0 0.2480252764612954 0.8918514080287597 0.19273301737756715 0.056920311563810666
