0 0.3684834123222749 0.12462552426602756 0.179304897314376 0.04074295985620132
0 0.6101895734597156 0.12612342720191733 0.18404423380726698 0.04134212103055722
0 0.7033965244865719 0.1872378669862193 0.18404423380726698 0.04373876572798083
0 0.45734597156398105 0.18753744757339724 0.1674565560821485 0.041941282204913125
0 0.49842022116903634 0.24595566207309766 0.18167456556082148 0.04134212103055722
0 0.5825434439178515 0.29478729778310364 0.18562401263823064 0.04313960455362493
0 0.34636650868878355 0.2923906530856801 0.15718799368088468 0.033553025763930495
0 0.2559241706161137 0.18514080287597365 0.10110584518167456 0.04913121629718394
0 0.6283570300157978 0.36428999400838824 0.19984202211690363 0.04313960455362493
0 0.6429699842022116 0.42091072498502097 0.17061611374407581 0.046135410425404436
0 0.6062401263823065 0.47423606950269626 0.18088467614533965 0.04254044337926902
0 0.2768562401263823 0.42091072498502097 0.1018957345971564 0.04733373277411624
0 0.4399684044233807 0.4194128220491312 0.10584518167456555 0.04553624925104853
0 0.3522906793048973 0.47393648891551826 0.18641390205371247 0.04433792690233673
0 0.3447867298578199 0.36668663870581186 0.22511848341232227 0.04433792690233673
0 0.29028436018957343 0.6216297183942481 0.0971563981042654 0.04134212103055722
0 0.4913112164296998 0.6171360095865788 0.15955766192733017 0.04313960455362493
0 0.7480252764612954 0.6225284601557819 0.18799368088467613 0.05032953864589575
0 0.5197472353870458 0.6845416417016178 0.1627172195892575 0.040143798681845415
0 0.3432069510268562 0.6845416417016178 0.09873617693522907 0.040143798681845415
0 0.20418641390205372 0.6821449970041942 0.09557661927330173 0.04134212103055722
0 0.221563981042654 0.7420611144397843 0.05924170616113744 0.03894547633313361
0 0.34557661927330174 0.7426602756141403 0.09083728278041074 0.04134212103055722
0 0.5173775671406003 0.7432594367884962 0.1627172195892575 0.03774715398442181
0 0.7480252764612954 0.689035350509287 0.18799368088467613 0.04433792690233673
0 0.7484202211690363 0.7492510485320552 0.1872037914691943 0.04254044337926902
