0 0.28080568720379145 0.42690233672858 0.18088467614533965 0.07489514679448772
0 0.7065560821484992 0.38615937687237867 0.060821484992101105 0.020970641102456562
0 0.7085308056872038 0.4122228879568604 0.0631911532385466 0.025164769322947873
0 0.8088467614533965 0.44307968843618933 0.04897314375987362 0.019772318753744758
0 0.867693522906793 0.4487717195925704 0.03712480252764613 0.019173157579388856
0 0.8712480252764613 0.47603355302576394 0.044233807266982623 0.019772318753744758
0 0.8720379146919431 0.5035949670461354 0.04739336492890995 0.022168963451168366
0 0.8080568720379147 0.47094068304373876 0.04739336492890995 0.015578190533253445
0 0.6172985781990521 0.4724385859796285 0.20300157977883096 0.08807669263031756
0 0.29778830963665087 0.53654883163571 0.07740916271721959 0.025763930497303775
0 0.3013428120063191 0.5832834032354703 0.0655608214849921 0.04254044337926902
0 0.3009478672985782 0.6324146195326543 0.06003159557661927 0.040143798681845415
0 0.30015797788309634 0.6785500299580587 0.07424960505529225 0.028160575194727384
0 0.30173775671406 0.7219892150988616 0.07424960505529225 0.02756141402037148
0 0.3009478672985782 0.7603355302576393 0.07266982622432859 0.02396644697423607
0 0.30055292259083727 0.7977831036548831 0.08609794628751975 0.022168963451168366
