0 0.39060031595576616 0.12911923307369683 0.10979462875197472 0.048532055122828044
0 0.580173775671406 0.13001797483523067 0.1240126382306477 0.046734571599760334
0 0.6710110584518167 0.19352905931695627 0.15560821484992102 0.04793289394847214
0 0.6631121642969984 0.2495506291192331 0.15876777251184834 0.04134212103055722
0 0.4644549763033175 0.24985020970641103 0.10584518167456555 0.04913121629718394
0 0.4707740916271722 0.19263031755542243 0.0995260663507109 0.04733373277411624
0 0.29660347551342814 0.19263031755542243 0.09873617693522907 0.04733373277411624
0 0.30252764612954186 0.25344517675254646 0.08530805687203791 0.039544637507489516
0 0.2812006319115324 0.4254044337926902 0.1263823064770932 0.04074295985620132
0 0.6244075829383886 0.3915518274415818 0.17140600315955765 0.046135410425404436
0 0.8325434439178515 0.3951467944877172 0.10742496050552923 0.028160575194727384
0 0.7152448657187993 0.5272618334331935 0.16824644549763032 0.052726183343319355
