0 0.49921011058451814 0.1695626123427202 0.22748815165876776 0.0994607549430797
0 0.330173775671406 0.3073696824445776 0.045813586097946286 0.028759736369083286
0 0.3321484992101106 0.3421210305572199 0.045023696682464455 0.028759736369083286
0 0.23973143759873616 0.3079688436189335 0.05766192733017377 0.03115638106650689
0 0.32977883096366506 0.37597363690832836 0.04344391785150079 0.029358897543439184
0 0.34083728278041076 0.41072498502097066 0.0655608214849921 0.0329538645895746
0 0.3439968404423381 0.4439784301977232 0.07345971563981042 0.029958058717795086
0 0.3439968404423381 0.4787297783103655 0.0703001579778831 0.03115638106650689
0 0.3428120063191153 0.5161773517076094 0.07424960505529225 0.0329538645895746
0 0.3424170616113744 0.5527261833433194 0.07345971563981042 0.03055721989215099
0 0.34162717219589256 0.5868783702816057 0.07503949447077408 0.03055721989215099
