0 0.15639810426540285 0.2750149790293589 0.14375987361769352 0.07669263031755542
0 0.2586887835703002 0.24715398442180947 0.08609794628751975 0.02456560814859197
0 0.3645339652448657 0.27231875374475734 0.10505529225908372 0.08208508088675855
0 0.44273301737756715 0.24206111443978431 0.07503949447077408 0.039544637507489516
0 0.5647709320695102 0.2666267225883763 0.09162717219589257 0.08627920910724986
0 0.716824644549763 0.2669263031755542 0.08451816745655608 0.06411024565608149
0 0.8597946287519748 0.26752546434991015 0.09873617693522907 0.06411024565608149
0 0.783175355450237 0.3445176752546435 0.0655608214849921 0.08508088675853805
0 0.8574249605055292 0.4457759137207909 0.11295418641390205 0.0994607549430797
0 0.7081358609794629 0.43918514080287596 0.11295418641390205 0.04913121629718394
0 0.5620063191153238 0.44008388256440983 0.09873617693522907 0.048532055122828044
0 0.6358609794628752 0.3457159976033553 0.07109004739336493 0.05751947273816657
0 0.40442338072669826 0.3591971240263631 0.1579778830963665 0.07849011384062313
0 0.6844391785150079 0.5509286998202516 0.12243285939968404 0.14439784301977232
