0 0.2480252764612954 0.12911923307369683 0.08214849921011058 0.04733373277411624
0 0.3811216429699842 0.12822049131216298 0.0971563981042654 0.04553624925104853
0 0.5118483412322274 0.1354104254044338 0.09162717219589257 0.05991611743559017
0 0.6212480252764613 0.13511084481725585 0.09083728278041074 0.056920311563810666
0 0.7571090047393365 0.13511084481725585 0.0924170616113744 0.056920311563810666
0 0.509478672985782 0.23067705212702216 0.09004739336492891 0.05751947273816657
0 0.38270142180094785 0.2249850209706411 0.09399684044233807 0.04493708807669263
0 0.23104265402843602 0.2822049131216297 0.06240126382306477 0.05032953864589575
0 0.7598736176935229 0.28280407429598564 0.07898894154818326 0.046734571599760334
0 0.5138230647709321 0.3873576992210905 0.09557661927330173 0.05811863391252247
0 0.707345971563981 0.3786698621929299 0.1429699842022117 0.07429598562013182
0 0.30726698262243285 0.3792690233672858 0.15639810426540285 0.07549430796884363
0 0.21011058451816744 0.5937687237866986 0.1484992101105845 0.04793289394847214
0 0.4640600315955766 0.5530257639304973 0.21248025276461296 0.07669263031755542
0 0.4676145339652449 0.6315158777711204 0.15007898894154817 0.05152786099460755
0 0.7586887835703001 0.5515278609946076 0.21248025276461296 0.07729179149191133
0 0.7602685624012638 0.6351108448172559 0.21248025276461296 0.07789095266626722
