0 0.49842022116903634 0.14499700419412823 0.12480252764612954 0.07789095266626722
0 0.32622432859399686 0.2801078490113841 0.11690363349131122 0.046135410425404436
0 0.32661927330173773 0.3322348711803475 0.11769352290679305 0.046135410425404436
0 0.32701421800947866 0.38286399041342123 0.11690363349131122 0.04553624925104853
0 0.32424960505529227 0.4379868184541642 0.13033175355450236 0.04553624925104853
0 0.32661927330173773 0.4886159376872379 0.13033175355450236 0.048532055122828044
0 0.3246445497630332 0.5392450569203115 0.12164296998420221 0.046734571599760334
0 0.32661927330173773 0.5889754343918514 0.1429699842022117 0.04553624925104853
0 0.3234597156398104 0.6420011983223487 0.14770932069510267 0.04973037747153985
0 0.32424960505529227 0.701617735170761 0.1429699842022117 0.04913121629718394
0 0.7503949447077409 0.28370281605751946 0.14218009478672985 0.05572198921509886
0 0.75 0.34421809466746556 0.14928909952606634 0.05572198921509886
0 0.7488151658767772 0.4068304373876573 0.14533965244865718 0.05991611743559017
0 0.7492101105845181 0.4664469742360695 0.146129541864139 0.04973037747153985
0 0.7468404423380727 0.5209706411024566 0.14928909952606634 0.048532055122828044
0 0.75 0.566806470940683 0.1287519747235387 0.03235470341521869
0 0.7488151658767772 0.6060515278609946 0.1358609794628752 0.03175554224086279
0 0.7476303317535545 0.6518873576992211 0.14770932069510267 0.04913121629718394
