0 0.17298578199052134 0.11204313960455363 0.1848341232227488 0.06351108448172559
0 0.3902053712480253 0.11084481725584182 0.19115323854660346 0.06111443978430198
0 0.5853080568720379 0.11983223487118035 0.13902053712480253 0.0347513481126423
0 0.7855450236966824 0.11923307369682445 0.17140600315955765 0.0347513481126423
0 0.8321484992101106 0.17914919113241462 0.16824644549763032 0.035949670461354104
0 0.8060821484992101 0.25314559616536847 0.21248025276461296 0.06291192330736968
0 0.590047393364929 0.25104853205512284 0.07582938388625593 0.05991611743559017
0 0.6062401263823065 0.18124625524266028 0.16824644549763032 0.03175554224086279
0 0.37598736176935227 0.24835230677052128 0.19747235387045814 0.059316956261234274
0 0.18088467614533965 0.24745356500898744 0.18009478672985782 0.05871779508687837
0 0.2835703001579779 0.35440383463151587 0.21484992101105846 0.06051527860994608
