0 0.2815955766192733 0.1288196524865189 0.0703001579778831 0.04553624925104853
0 0.415086887835703 0.12971839424805273 0.10031595576619273 0.04973037747153985
0 0.5481832543443917 0.12911923307369683 0.0995260663507109 0.046135410425404436
0 0.6875987361769352 0.13001797483523067 0.10031595576619273 0.04793289394847214
0 0.6011058451816745 0.23157579388855604 0.13428120063191154 0.08448172558418214
0 0.41706161137440756 0.21150389454763333 0.09320695102685624 0.04793289394847214
0 0.2713270142180095 0.21330137807070101 0.09873617693522907 0.04793289394847214
0 0.35545023696682465 0.42600359496704615 0.12954186413902052 0.06470940683043738
0 0.5951816745655608 0.42780107849011384 0.14928909952606634 0.0659077291791492
0 0.35545023696682465 0.524565608148592 0.12796208530805686 0.06530856800479329
