0 0.1524486571879937 0.14589574595566207 0.13270142180094788 0.05092869982025165
0 0.3854660347551343 0.14589574595566207 0.14691943127962084 0.053325344517675254
0 0.6030805687203792 0.1273217495506291 0.11769352290679305 0.04373876572798083
0 0.778041074249605 0.12492510485320552 0.12164296998420221 0.04733373277411624
0 0.8392575039494471 0.18424206111443978 0.13981042654028436 0.04973037747153985
0 0.6342812006319115 0.18693828639904134 0.0995260663507109 0.03714799281006591
0 0.30647709320695105 0.2091072498502097 0.10268562401263823 0.0347513481126423
0 0.40126382306477093 0.274116237267825 0.15955766192733017 0.048532055122828044
0 0.15718799368088468 0.2750149790293589 0.14691943127962084 0.05152786099460755
0 0.13033175355450236 0.2085080886758538 0.10110584518167456 0.03834631515877771
0 0.3692733017377567 0.4355901737567406 0.08925750394944708 0.03714799281006591
0 0.3495260663507109 0.5080886758538047 0.08925750394944708 0.0347513481126423
0 0.20260663507109006 0.5065907729179149 0.07819905213270142 0.03175554224086279
0 0.18364928909952608 0.4376872378669862 0.09557661927330173 0.02696225284601558
