0 0.20537124802527645 0.14200119832234873 0.14218009478672985 0.05032953864589575
0 0.4443127962085308 0.14349910125823848 0.16982622432859398 0.04733373277411624
0 0.6050552922590837 0.14230077890952667 0.1579778830963665 0.05092869982025165
0 0.7740916271721959 0.1360095865787897 0.17377567140600317 0.05991611743559017
0 0.8428120063191153 0.29478729778310364 0.07740916271721959 0.04433792690233673
0 0.6852290679304898 0.2893948472139005 0.060821484992101105 0.04553624925104853
0 0.5793838862559242 0.29478729778310364 0.060821484992101105 0.028759736369083286
0 0.3902053712480253 0.3238466147393649 0.07109004739336493 0.04134212103055722
0 0.26342812006319116 0.29718394248052726 0.1334913112164297 0.05751947273816657
0 0.15679304897314375 0.3274415817855003 0.04660347551342812 0.03175554224086279
0 0.3696682464454976 0.4508687837028161 0.17535545023696683 0.06051527860994608
0 0.19075829383886256 0.45476333133612945 0.165086887835703 0.05152786099460755
0 0.3716429699842022 0.5713001797483523 0.17298578199052134 0.06051527860994608
0 0.18996840442338073 0.5745955662073098 0.16192733017377567 0.052726183343319355
