0 0.22511848341232227 0.12492510485320552 0.11532385466034754 0.0701018573996405
0 0.36097946287519744 0.13331336129418814 0.11690363349131122 0.08448172558418214
0 0.49881516587677727 0.13271420011983223 0.11453396524486571 0.08448172558418214
0 0.6338862559241706 0.12762133013780708 0.12085308056872038 0.07189934092270821
0 0.7705371248025277 0.1273217495506291 0.11927330173775672 0.07249850209706411
0 0.7160347551342812 0.28579988016776514 0.14139020537124802 0.03834631515877771
0 0.4921011058451817 0.28579988016776514 0.12954186413902052 0.03834631515877771
0 0.2713270142180095 0.2852007189934092 0.12717219589257503 0.03834631515877771
0 0.2575039494470774 0.34601557819053325 0.0947867298578199 0.016177351707609346
0 0.3937598736176935 0.3585979628520072 0.1429699842022117 0.0713001797483523
0 0.6172985781990521 0.35650089874176155 0.13981042654028436 0.0695026962252846
0 0.7231437598736177 0.44008388256440983 0.13507109004739337 0.08568004793289395
0 0.5229067930489731 0.4403834631515878 0.13744075829383887 0.08508088675853805
0 0.2697472353870458 0.45656081485919714 0.1240126382306477 0.05152786099460755
