0 0.33649289099526064 0.15218693828639904 0.11690363349131122 0.041941282204913125
0 0.6070300157977883 0.152486518873577 0.11769352290679305 0.04134212103055722
0 0.6058451816745656 0.19412822049131218 0.11690363349131122 0.041941282204913125
0 0.6054502369668247 0.23576992210904735 0.11927330173775672 0.04254044337926902
0 0.6050552922590837 0.27531455961653684 0.11690363349131122 0.04254044337926902
0 0.6054502369668247 0.3157579388855602 0.11769352290679305 0.04313960455362493
0 0.33649289099526064 0.19352905931695627 0.11690363349131122 0.04074295985620132
0 0.33649289099526064 0.23547034152186938 0.11690363349131122 0.041941282204913125
0 0.3372827804107425 0.27651288196524865 0.11848341232227488 0.04134212103055722
0 0.33649289099526064 0.31665668064709407 0.11848341232227488 0.04254044337926902
0 0.6066350710900474 0.3588975434391852 0.11532385466034754 0.04313960455362493
0 0.6058451816745656 0.4011384062312762 0.11532385466034754 0.04134212103055722
0 0.608609794628752 0.4415817855002996 0.1240126382306477 0.041941282204913125
0 0.6093996840442338 0.4829239065308568 0.12717219589257503 0.04313960455362493
0 0.33767772511848343 0.3579988016776513 0.12085308056872038 0.04134212103055722
0 0.3380726698262243 0.3981426003594967 0.11690363349131122 0.04254044337926902
0 0.33688783570300157 0.4397843019772319 0.11769352290679305 0.04313960455362493
0 0.3372827804107425 0.48082684242061113 0.11690363349131122 0.04134212103055722
