0 0.12164296998420221 0.12312762133013781 0.052132701421800945 0.03654883163571001
0 0.2697472353870458 0.12372678250449372 0.13981042654028436 0.03774715398442181
0 0.35742496050552924 0.1749550629119233 0.14770932069510267 0.04793289394847214
0 0.3645339652448657 0.22768124625524266 0.1429699842022117 0.05871779508687837
0 0.16824644549763032 0.170760934691432 0.15007898894154817 0.0347513481126423
0 0.1994470774091627 0.23097663271420013 0.1429699842022117 0.053325344517675254
0 0.5864928909952607 0.121929298981426 0.10821484992101106 0.023367285799880167
0 0.759478672985782 0.12162971839424805 0.14139020537124802 0.02756141402037148
0 0.8167456556082149 0.16297183942480528 0.15955766192733017 0.04313960455362493
0 0.6093996840442338 0.16267225883762731 0.1524486571879937 0.04254044337926902
0 0.659952606635071 0.21539844218094667 0.15876777251184834 0.05811863391252247
