0 0.6721958925750395 0.6779508687837028 0.24486571879936808 0.1024565608148592
0 0.7089257503949447 0.4215098861593769 0.09083728278041074 0.040143798681845415
0 0.7085308056872038 0.4868184541641702 0.1627172195892575 0.0665068903535051
0 0.5837282780410742 0.46974236069502695 0.04897314375987362 0.028759736369083286
0 0.5813586097946287 0.5065907729179149 0.04897314375987362 0.03774715398442181
0 0.584518167456556 0.5359496704613541 0.04739336492890995 0.020970641102456562
0 0.5296208530805687 0.4727381665668065 0.04818325434439179 0.03834631515877771
0 0.5300157977883097 0.5056920311563811 0.04739336492890995 0.02396644697423607
0 0.533175355450237 0.5335530257639305 0.037914691943127965 0.02696225284601558
0 0.8522906793048973 0.47483523067705213 0.09004739336492891 0.05811863391252247
