0 0.2812006319115324 0.11114439784301977 0.1848341232227488 0.06051527860994608
0 0.5876777251184834 0.13780707010185742 0.10584518167456555 0.046734571599760334
0 0.8143759873617693 0.14529658478130617 0.1484992101105845 0.05811863391252247
0 0.8187203791469194 0.2774116237267825 0.1382306477093207 0.052726183343319355
0 0.6184834123222749 0.40353505092869985 0.1358609794628752 0.053325344517675254
0 0.6212480252764613 0.5023966446974236 0.13981042654028436 0.053325344517675254
0 0.34834123222748814 0.6692630317555422 0.12796208530805686 0.046734571599760334
0 0.4166666666666667 0.731875374475734 0.08609794628751975 0.0341521869382864
0 0.325434439178515 0.7330736968244458 0.09794628751974724 0.040143798681845415
0 0.17812006319115323 0.7366686638705812 0.13981042654028436 0.05092869982025165
0 0.17298578199052134 0.6692630317555422 0.12796208530805686 0.04793289394847214
