0 0.34636650868878355 0.11773517076093469 0.19510268562401265 0.0713001797483523
0 0.5130331753554502 0.13031755542240864 0.16982622432859398 0.0677052127022169
0 0.6844391785150079 0.12162971839424805 0.11137440758293839 0.0695026962252846
0 0.6757503949447077 0.2507489514679449 0.146129541864139 0.059316956261234274
0 0.4901263823064771 0.24805272618334331 0.15718799368088468 0.04913121629718394
0 0.32898894154818326 0.2402636309167166 0.1334913112164297 0.07070101857399641
0 0.2507898894154818 0.4355901737567406 0.07503949447077408 0.07429598562013182
0 0.3830963665086888 0.4367884961054524 0.10584518167456555 0.08148591971240264
0 0.556477093206951 0.4364889155182744 0.11137440758293839 0.08088675853804674
0 0.5604265402843602 0.5455362492510486 0.0971563981042654 0.07489514679448772
0 0.396129541864139 0.5440383463151588 0.09873617693522907 0.07429598562013182
0 0.2519747235387046 0.5437387657279809 0.09636650868878358 0.07489514679448772
0 0.5624012638230648 0.6518873576992211 0.07582938388625593 0.07309766327142002
0 0.3862559241706161 0.6518873576992211 0.0995260663507109 0.07309766327142002
0 0.24921011058451817 0.6506890353505093 0.09557661927330173 0.07549430796884363
0 0.5118483412322274 0.7531455961653685 0.15323854660347552 0.06710605152786099
0 0.26342812006319116 0.7540443379269024 0.1524486571879937 0.06411024565608149
