0 0.13507109004739337 0.14469742360695026 0.10110584518167456 0.06051527860994608
0 0.3285939968404423 0.14289994008388257 0.14533965244865718 0.07968843618933494
0 0.32187993680884674 0.23097663271420013 0.0655608214849921 0.020970641102456562
0 0.32109004739336494 0.25584182144997003 0.06714060031595577 0.025164769322947873
0 0.32187993680884674 0.28460155781905333 0.0655608214849921 0.02396644697423607
0 0.3230647709320695 0.31006590772917914 0.0631911532385466 0.023367285799880167
0 0.320695102685624 0.33882564409826244 0.0631911532385466 0.023367285799880167
0 0.31635071090047395 0.36758538046734573 0.054502369668246446 0.025763930497303775
0 0.3108214849921011 0.39484721390053923 0.045023696682464455 0.025164769322947873
0 0.7203791469194313 0.12312762133013781 0.21642969984202212 0.07968843618933494
