0 0.23459715639810427 0.7180946674655483 0.07109004739336493 0.05092869982025165
0 0.419826224328594 0.756740563211504 0.06398104265402843 0.04913121629718394
0 0.3526856240126382 0.7893948472139005 0.05924170616113744 0.048532055122828044
0 0.34913112164297 0.6803475134811264 0.12480252764612954 0.09167165967645297
0 0.21011058451816744 0.4793289394847214 0.08530805687203791 0.033553025763930495
0 0.24960505529225907 0.5095865787896945 0.04897314375987362 0.03055721989215099
0 0.36018957345971564 0.47902935889754344 0.18325434439178515 0.09167165967645297
0 0.509083728278041 0.4550629119233074 0.04976303317535545 0.0329538645895746
0 0.4695892575039494 0.4251048532055123 0.04660347551342812 0.03175554224086279
0 0.21445497630331753 0.10814859197124027 0.05134281200631911 0.04493708807669263
0 0.32187993680884674 0.11503894547633314 0.038704581358609796 0.029958058717795086
0 0.39849921011058453 0.17465548232474537 0.06240126382306477 0.03774715398442181
0 0.4664296998420221 0.18873576992210905 0.0655608214849921 0.04433792690233673
0 0.48262243285939965 0.23547034152186938 0.06635071090047394 0.03714799281006591
0 0.4451026856240126 0.25584182144997003 0.05766192733017377 0.08028759736369083
0 0.35110584518167454 0.17046135410425406 0.04186413902053712 0.053325344517675254
0 0.32503949447077407 0.19862192929898143 0.16982622432859398 0.09167165967645297
0 0.28278041074249605 0.2690233672857999 0.05687203791469194 0.046734571599760334
0 0.334913112164297 0.29298981426003595 0.061611374407582936 0.03235470341521869
0 0.3795418641390205 0.3037747153984422 0.052922590837282776 0.07908927501497903
