0 0.2211690363349131 0.14709406830437388 0.08688783570300158 0.04134212103055722
0 0.334913112164297 0.14739364889155182 0.08214849921011058 0.0659077291791492
0 0.5193522906793049 0.15008987417615338 0.13665086887835703 0.08807669263031756
0 0.7413112164296999 0.14979029358897544 0.15402843601895735 0.08867585380467347
0 0.4557661927330174 0.3055721989215099 0.12796208530805686 0.07669263031755542
0 0.7109004739336493 0.3061713600958658 0.18167456556082148 0.07789095266626722
0 0.707740916271722 0.41132414619532653 0.18167456556082148 0.07729179149191133
0 0.47906793048973145 0.4101258238466147 0.13191153238546605 0.04973037747153985
0 0.23459715639810427 0.35020970641102456 0.08056872037914692 0.0341521869382864
0 0.2646129541864139 0.5167765128819652 0.07582938388625593 0.03774715398442181
0 0.4782780410742496 0.5173756740563211 0.1382306477093207 0.05212702216896345
0 0.707345971563981 0.5179748352306771 0.18088467614533965 0.07729179149191133
