0 0.32661927330173773 0.13271420011983223 0.06240126382306477 0.022168963451168366
0 0.4423380726698262 0.13271420011983223 0.07740916271721959 0.03175554224086279
0 0.5600315955766193 0.1372079089275015 0.06003159557661927 0.05991611743559017
0 0.6860189573459715 0.13271420011983223 0.08925750394944708 0.06171360095865788
0 0.6954976303317535 0.2609346914319952 0.0924170616113744 0.04973037747153985
0 0.5600315955766193 0.2579388855602157 0.12164296998420221 0.04254044337926902
0 0.6868088467614534 0.3816656680647094 0.07977883096366509 0.05512282804074296
0 0.495260663507109 0.4080287597363691 0.17377567140600317 0.05632115038945477
0 0.3108214849921011 0.40772917914919116 0.160347551342812 0.056920311563810666
0 0.37756714060031593 0.2555422408627921 0.15481832543443919 0.04973037747153985
0 0.2598736176935229 0.29418813660874776 0.06635071090047394 0.0659077291791492
0 0.2693522906793049 0.19532654284002396 0.10584518167456555 0.03714799281006591
