0 0.3274091627172196 0.1354104254044338 0.07345971563981042 0.039544637507489516
0 0.5130331753554502 0.1324146195326543 0.146129541864139 0.05392450569203116
0 0.4312796208530806 0.25704014379868184 0.12480252764612954 0.046734571599760334
0 0.2772511848341232 0.2555422408627921 0.07266982622432859 0.048532055122828044
0 0.6406003159557662 0.25014979029358897 0.19747235387045814 0.05212702216896345
0 0.42890995260663506 0.36998202516476936 0.12322274881516587 0.046135410425404436
0 0.28001579778830965 0.366087477531456 0.07187993680884676 0.04793289394847214
0 0.3597946287519747 0.4664469742360695 0.19984202211690363 0.053325344517675254
0 0.6121642969984202 0.46554823247453564 0.1943127962085308 0.05392450569203116
0 0.33570300157977884 0.6096464949071301 0.12322274881516587 0.04493708807669263
0 0.5805687203791469 0.6066506890353506 0.19747235387045814 0.048532055122828044
