0 0.16587677725118483 0.13451168364289995 0.11690363349131122 0.06411024565608149
0 0.28870458135860977 0.13571000599161176 0.06714060031595577 0.04733373277411624
0 0.509083728278041 0.1348112642300779 0.22985781990521326 0.06231276213301378
0 0.7918641390205371 0.13511084481725585 0.2014218009478673 0.06171360095865788
0 0.2116903633491311 0.21629718394248054 0.0995260663507109 0.033553025763930495
0 0.4597156398104265 0.21390053924505692 0.24960505529225907 0.05871779508687837
0 0.7744865718799367 0.21300179748352308 0.22985781990521326 0.06051527860994608
0 0.7906793048973144 0.3028759736369083 0.2037914691943128 0.07609346914319952
0 0.7902843601895735 0.3906530856800479 0.20458135860979462 0.07309766327142002
0 0.4873617693522907 0.30347513481126426 0.25908372827804105 0.07489514679448772
0 0.48933649289099523 0.39005392450569204 0.2551342812006319 0.07429598562013182
0 0.2235387045813586 0.38885560215698023 0.1263823064770932 0.04793289394847214
0 0.2235387045813586 0.3007789095266627 0.1263823064770932 0.04913121629718394
0 0.2211690363349131 0.5380467345715998 0.14691943127962084 0.07908927501497903
0 0.4881516587677725 0.5239664469742361 0.2559241706161137 0.1372079089275015
0 0.7784360189573459 0.524565608148592 0.2014218009478673 0.09886159376872379
