0 0.4806477093206951 0.1330137807070102 0.18088467614533965 0.05512282804074296
0 0.41429699842022116 0.1779508687837028 0.045023696682464455 0.02396644697423607
0 0.5300157977883097 0.18124625524266028 0.045813586097946286 0.022168963451168366
0 0.6216429699842022 0.26423007789095265 0.18009478672985782 0.06351108448172559
0 0.35150078988941547 0.2618334331935291 0.18167456556082148 0.05871779508687837
0 0.38744075829383884 0.36458957459556623 0.06872037914691943 0.05452366686638706
0 0.31240126382306477 0.3603954463750749 0.07187993680884676 0.06171360095865788
0 0.5932069510268563 0.3693828639904134 0.06635071090047394 0.06171360095865788
0 0.6820695102685624 0.3672857998801678 0.08925750394944708 0.06470940683043738
0 0.7116903633491312 0.4829239065308568 0.07740916271721959 0.07309766327142002
0 0.6457345971563981 0.481725584182145 0.07819905213270142 0.07309766327142002
0 0.5920221169036335 0.4838226482923907 0.06398104265402843 0.06291192330736968
0 0.5205371248025277 0.49131216297183944 0.07898894154818326 0.05032953864589575
0 0.4541864139020537 0.49131216297183944 0.07898894154818326 0.04913121629718394
0 0.3712480252764613 0.4922109047333733 0.11374407582938388 0.04733373277411624
0 0.28475513428120064 0.4838226482923907 0.0924170616113744 0.06171360095865788
0 0.2740916271721959 0.5949670461354104 0.07424960505529225 0.04913121629718394
0 0.36295418641390204 0.5982624325943678 0.08925750394944708 0.04733373277411624
0 0.4451026856240126 0.597663271420012 0.060821484992101105 0.04973037747153985
0 0.509083728278041 0.597663271420012 0.05924170616113744 0.04973037747153985
0 0.5762243285939969 0.5991611743559018 0.05766192733017377 0.04913121629718394
0 0.6382306477093207 0.5937687237866986 0.0631911532385466 0.05751947273816657
0 0.7010268562401264 0.5901737567405633 0.060821484992101105 0.0695026962252846
0 0.7654028436018957 0.5904733373277412 0.061611374407582936 0.06890353505092871
