0 0.49921011058451814 0.1273217495506291 0.1579778830963665 0.04733373277411624
0 0.6342812006319115 0.22618334331935291 0.08056872037914692 0.03774715398442181
0 0.6330963665086887 0.26842420611144396 0.06240126382306477 0.02756141402037148
0 0.6315165876777251 0.3058717795086878 0.07187993680884676 0.03055721989215099
0 0.6338862559241706 0.34002396644697425 0.07819905213270142 0.03055721989215099
0 0.6338862559241706 0.3750748951467945 0.08609794628751975 0.03115638106650689
0 0.3116113744075829 0.22648292390653085 0.06240126382306477 0.029958058717795086
0 0.3108214849921011 0.2678250449370881 0.054502369668246446 0.02756141402037148
0 0.30726698262243285 0.3073696824445776 0.037914691943127965 0.03115638106650689
0 0.3068720379146919 0.34122228879568606 0.04976303317535545 0.025763930497303775
0 0.3080568720379147 0.37477531455961655 0.061611374407582936 0.029358897543439184
0 0.3068720379146919 0.41372079089275016 0.07661927330173776 0.03055721989215099
0 0.3076619273301738 0.45266626722588377 0.060821484992101105 0.02696225284601558
0 0.3080568720379147 0.48442180946674657 0.0631911532385466 0.029358897543439184
0 0.3088467614533965 0.518274415817855 0.0631911532385466 0.033553025763930495
0 0.30726698262243285 0.5581186339125225 0.06477093206951026 0.03055721989215099
0 0.3080568720379147 0.5967645296584781 0.05055292259083728 0.03714799281006591
0 0.3084518167456556 0.6348112642300779 0.06872037914691943 0.03894547633313361
0 0.30647709320695105 0.6725584182144997 0.06635071090047394 0.035350509286998205
0 0.3080568720379147 0.7091072498502097 0.061611374407582936 0.02696225284601558
0 0.3076619273301738 0.74415817855003 0.07661927330173776 0.029958058717795086
0 0.6330963665086887 0.41491911324146197 0.08451816745655608 0.040143798681845415
0 0.6338862559241706 0.45236668663870583 0.06240126382306477 0.028759736369083286
0 0.6338862559241706 0.48202516476932294 0.07977883096366509 0.03055721989215099
0 0.6342812006319115 0.5170760934691432 0.08056872037914692 0.03235470341521869
0 0.6346761453396524 0.5578190533253445 0.07661927330173776 0.03834631515877771
0 0.6342812006319115 0.5949670461354104 0.07424960505529225 0.028759736369083286
0 0.6342812006319115 0.6345116836429 0.08846761453396525 0.04074295985620132
0 0.6307266982622433 0.6731575793888556 0.08609794628751975 0.03055721989215099
0 0.6350710900473934 0.7094068304373877 0.08214849921011058 0.03834631515877771
