0 0.3214849921011058 0.1348112642300779 0.2575039494470774 0.0683043738765728
0 0.6733807266982622 0.14589574595566207 0.25829383886255924 0.07249850209706411
0 0.7290679304897314 0.2995805871779509 0.24170616113744076 0.06111443978430198
0 0.7306477093206951 0.40023966446974235 0.2259083728278041 0.06111443978430198
0 0.4794628751974723 0.4029358897543439 0.17377567140600317 0.06291192330736968
0 0.26421800947867297 0.2813061713600959 0.08609794628751975 0.048532055122828044
0 0.26619273301737756 0.39904134212103054 0.17061611374407581 0.05632115038945477
0 0.48933649289099523 0.5257639304973037 0.16824644549763032 0.07729179149191133
0 0.7282780410742496 0.5248651887357699 0.21484992101105846 0.07669263031755542
0 0.7298578199052133 0.6509886159376872 0.23696682464454977 0.07729179149191133
0 0.2673775671406003 0.5092869982025164 0.174565560821485 0.05032953864589575
0 0.2677725118483412 0.6132414619532655 0.2259083728278041 0.05572198921509886
0 0.2665876777251185 0.7031156381066507 0.2377567140600316 0.05811863391252247
