0 0.2424960505529226 0.13061713600958658 0.05845181674565561 0.05032953864589575
0 0.37480252764612954 0.13331336129418814 0.06872037914691943 0.04373876572798083
0 0.5335703001579779 0.1318154583582984 0.09399684044233807 0.046734571599760334
0 0.7219589257503949 0.12971839424805273 0.12006319115323855 0.05212702216896345
0 0.6591627172195893 0.21809466746554823 0.0655608214849921 0.0347513481126423
0 0.5868878357030016 0.20790892750149792 0.0679304897314376 0.05871779508687837
0 0.5051342812006319 0.21959257040143798 0.05766192733017377 0.035350509286998205
0 0.4332543443917851 0.21659676452965848 0.07345971563981042 0.05811863391252247
0 0.3593996840442338 0.2189934092270821 0.052132701421800945 0.0341521869382864
0 0.49960505529225907 0.3588975434391852 0.1240126382306477 0.05152786099460755
0 0.34913112164297 0.4928100659077292 0.07740916271721959 0.03175554224086279
0 0.34913112164297 0.5317555422408629 0.04897314375987362 0.0329538645895746
0 0.35031595576619273 0.5799880167765129 0.07661927330173776 0.05152786099460755
0 0.3499210110584518 0.6330137807070102 0.05055292259083728 0.048532055122828044
0 0.3518957345971564 0.6812462552426602 0.09399684044233807 0.03235470341521869
0 0.34834123222748814 0.7186938286399042 0.07109004739336493 0.0341521869382864
