0 0.27093206951026855 0.13810665068903535 0.061611374407582936 0.04134212103055722
0 0.38665086887835703 0.1384062312762133 0.07345971563981042 0.03834631515877771
0 0.32701421800947866 0.12792091072498502 0.026856240126382307 0.022168963451168366
0 0.3234597156398104 0.17585380467345715 0.0339652448657188 0.020970641102456562
0 0.3669036334913112 0.17555422408627921 0.04818325434439179 0.02396644697423607
0 0.405608214849921 0.17705212702216896 0.04028436018957346 0.023367285799880167
0 0.45260663507109006 0.17884961054523668 0.04897314375987362 0.023367285799880167
0 0.5157977883096366 0.13750748951467945 0.06951026856240126 0.040143798681845415
0 0.6441548183254344 0.13121629718394248 0.07503949447077408 0.052726183343319355
0 0.7804107424960506 0.13001797483523067 0.07109004739336493 0.05512282804074296
0 0.7014218009478673 0.22738166566806473 0.09320695102685624 0.05092869982025165
0 0.5505529225908373 0.2330736968244458 0.09320695102685624 0.039544637507489516
0 0.4135071090047393 0.2330736968244458 0.0924170616113744 0.039544637507489516
0 0.2717219589257504 0.23277411623726782 0.06951026856240126 0.04134212103055722
0 0.273696682464455 0.30227681246255245 0.06872037914691943 0.04134212103055722
0 0.4107424960505529 0.3007789095266627 0.09162717219589257 0.04074295985620132
0 0.5509478672985781 0.3007789095266627 0.0924170616113744 0.04074295985620132
0 0.7006319115323855 0.29508687837028164 0.0947867298578199 0.05092869982025165
0 0.6536334913112164 0.3693828639904134 0.08609794628751975 0.05811863391252247
0 0.5177725118483413 0.3681845416417016 0.0703001579778831 0.05452366686638706
0 0.39731437598736175 0.3669862192929898 0.07266982622432859 0.053325344517675254
0 0.27567140600315954 0.37297783103654886 0.07266982622432859 0.04134212103055722
0 0.25355450236966826 0.45146794487717196 0.05687203791469194 0.06411024565608149
0 0.3400473933649289 0.45476333133612945 0.07187993680884676 0.05152786099460755
0 0.4735387045813586 0.44967046135410427 0.09083728278041074 0.0701018573996405
0 0.5513428120063191 0.4433792690233673 0.03949447077409163 0.026363091671659677
0 0.5951816745655608 0.44427801078490115 0.04028436018957346 0.02696225284601558
0 0.646129541864139 0.445176752546435 0.052132701421800945 0.025164769322947873
0 0.5335703001579779 0.488016776512882 0.04818325434439179 0.022168963451168366
0 0.5734597156398105 0.487717195925704 0.037914691943127965 0.022768124625524265
0 0.6299368088467614 0.48711803475134813 0.06398104265402843 0.025164769322947873
0 0.684044233807267 0.48502097064110244 0.045813586097946286 0.029358897543439184
0 0.7318325434439178 0.4859197124026363 0.05134281200631911 0.02756141402037148
0 0.25236966824644547 0.5868783702816057 0.06240126382306477 0.0677052127022169
0 0.34834123222748814 0.585680047932894 0.09320695102685624 0.053325344517675254
0 0.5023696682464455 0.5871779508687838 0.11374407582938388 0.07070101857399641
0 0.6706161137440758 0.5862792091072498 0.11848341232227488 0.0701018573996405
0 0.669826224328594 0.634212103055722 0.0315955766192733 0.023367285799880167
0 0.7037914691943128 0.6333133612941881 0.02843601895734597 0.017974835230677052
0 0.7385466034755134 0.6351108448172559 0.030015797788309637 0.02037147992810066
0 0.7721169036334913 0.6294188136608748 0.03238546603475513 0.02696225284601558
0 0.8092417061611374 0.6345116836429 0.04028436018957346 0.021569802276812464
0 0.25039494470774093 0.7031156381066507 0.0631911532385466 0.06890353505092871
0 0.3467614533965245 0.7028160575194727 0.0947867298578199 0.052726183343319355
0 0.5 0.7037147992810066 0.11058451816745656 0.0701018573996405
0 0.6710110584518167 0.7031156381066507 0.12085308056872038 0.0677052127022169
0 0.7598736176935229 0.7177950868783703 0.02843601895734597 0.021569802276812464
0 0.7914691943127962 0.719592570401438 0.0315955766192733 0.022768124625524265
0 0.759083728278041 0.7950868783702816 0.13744075829383887 0.07669263031755542
0 0.6066350710900474 0.7917914919113241 0.09004739336492891 0.0701018573996405
0 0.4735387045813586 0.79239065308568 0.10505529225908372 0.0677052127022169
0 0.33886255924170616 0.7944877171959257 0.08530805687203791 0.05632115038945477
0 0.2539494470774092 0.7908927501497903 0.05766192733017377 0.06470940683043738
