0 0.283175355450237 0.13451168364289995 0.10031595576619273 0.05811863391252247
0 0.21958925750394945 0.237866986219293 0.037914691943127965 0.017974835230677052
0 0.26540284360189575 0.23756740563211504 0.030015797788309637 0.019772318753744758
0 0.2638230647709321 0.26423007789095265 0.030015797788309637 0.021569802276812464
0 0.2646129541864139 0.29119233073696826 0.02843601895734597 0.022768124625524265
0 0.2705371248025276 0.3208508088675854 0.04344391785150079 0.02456560814859197
0 0.2693522906793049 0.35020970641102456 0.044233807266982623 0.023367285799880167
0 0.2685624012638231 0.37896944278010786 0.042654028436018954 0.022168963451168366
0 0.22709320695102686 0.37956860395446373 0.026066350710900472 0.018573996405032954
0 0.21998420221169035 0.35110844817255843 0.038704581358609796 0.017974835230677052
0 0.22077409162717218 0.3202516476932295 0.03712480252764613 0.01737567405632115
0 0.21998420221169035 0.29059316956261233 0.038704581358609796 0.019173157579388856
0 0.21919431279620852 0.2636309167165968 0.038704581358609796 0.017974835230677052
0 0.26342812006319116 0.4074295985620132 0.030805687203791468 0.02037147992810066
0 0.21919431279620852 0.4071300179748352 0.04186413902053712 0.020970641102456562
0 0.2626382306477093 0.4337926902336729 0.030805687203791468 0.021569802276812464
0 0.21998420221169035 0.4346914319952067 0.04028436018957346 0.020970641102456562
0 0.2626382306477093 0.46255242660275614 0.030805687203791468 0.022768124625524265
0 0.27014218009478674 0.49131216297183944 0.044233807266982623 0.02396644697423607
0 0.21958925750394945 0.49041342121030557 0.04107424960505529 0.020970641102456562
0 0.21919431279620852 0.4616536848412223 0.04186413902053712 0.020970641102456562
0 0.2685624012638231 0.5221689634511684 0.044233807266982623 0.022168963451168366
0 0.26895734597156395 0.5521270221689635 0.04344391785150079 0.023367285799880167
0 0.21998420221169035 0.5209706411024566 0.04186413902053712 0.020970641102456562
0 0.21919431279620852 0.5533253445176752 0.04818325434439179 0.02456560814859197
0 0.5548973143759873 0.5311563810665069 0.06714060031595577 0.048532055122828044
0 0.5521327014218009 0.5997603355302576 0.06951026856240126 0.03834631515877771
