0 0.6172985781990521 0.18214499700419412 0.13981042654028436 0.12941881366087477
0 0.4352290679304897 0.18094667465548234 0.1990521327014218 0.13061713600958658
0 0.5951816745655608 0.3846614739364889 0.11927330173775672 0.11983223487118035
0 0.7622432859399684 0.3813660874775315 0.18641390205371247 0.12522468544038345
0 0.41311216429699843 0.3822648292390653 0.19589257503949448 0.10904733373277412
0 0.22274881516587677 0.38316357100059917 0.1311216429699842 0.10844817255841822
0 0.20537124802527645 0.5467345715997604 0.12954186413902052 0.14439784301977232
0 0.3937598736176935 0.5446375074895147 0.19510268562401265 0.14140203714799282
0 0.5912322274881516 0.5359496704613541 0.11769352290679305 0.11443978430197724
0 0.7519747235387045 0.5326542840023967 0.18641390205371247 0.11503894547633314
