0 0.27764612954186413 0.1012582384661474 0.0703001579778831 0.04074295985620132
0 0.3613744075829384 0.10575194727381666 0.052922590837282776 0.03894547633313361
0 0.457740916271722 0.10155781905332535 0.05608214849921011 0.0329538645895746
0 0.5493680884676145 0.10515278609946076 0.04660347551342812 0.03055721989215099
0 0.6327014218009479 0.10515278609946076 0.05529225908372828 0.04134212103055722
0 0.7164296998420221 0.1018573996405033 0.05687203791469194 0.04313960455362493
0 0.7294628751974723 0.1779508687837028 0.04186413902053712 0.028759736369083286
0 0.6398104265402843 0.18124625524266028 0.04107424960505529 0.05572198921509886
0 0.5560821484992101 0.1749550629119233 0.05687203791469194 0.039544637507489516
0 0.46050552922590837 0.18454164170161774 0.053712480252764615 0.05392450569203116
0 0.37796208530805686 0.18124625524266028 0.054502369668246446 0.040143798681845415
0 0.27488151658767773 0.17735170760934693 0.0631911532385466 0.033553025763930495
0 0.28278041074249605 0.26423007789095265 0.04107424960505529 0.05632115038945477
0 0.3787519747235387 0.2615338526063511 0.05766192733017377 0.03894547633313361
0 0.46327014218009477 0.25584182144997003 0.054502369668246446 0.04074295985620132
0 0.5450236966824644 0.25883762732174953 0.03475513428120063 0.035949670461354104
0 0.636255924170616 0.262133013780707 0.038704581358609796 0.0329538645895746
0 0.7231437598736177 0.26123427201917315 0.04028436018957346 0.0347513481126423
0 0.7278830963665087 0.3367285799880168 0.054502369668246446 0.041941282204913125
0 0.641390205371248 0.3469143199520671 0.044233807266982623 0.05032953864589575
0 0.5438388625592417 0.34541641701617737 0.03712480252764613 0.035350509286998205
0 0.4644549763033175 0.3433193529059317 0.05687203791469194 0.03834631515877771
0 0.3704581358609795 0.3433193529059317 0.037914691943127965 0.028759736369083286
0 0.28080568720379145 0.34301977231875375 0.038704581358609796 0.028160575194727384
0 0.2823854660347551 0.4191132414619533 0.038704581358609796 0.035350509286998205
0 0.37006319115323855 0.4185140802875974 0.04344391785150079 0.035350509286998205
0 0.457740916271722 0.4185140802875974 0.038704581358609796 0.03654883163571001
0 0.5359399684044234 0.41461953265428403 0.05766192733017377 0.04074295985620132
0 0.636650868878357 0.4185140802875974 0.04107424960505529 0.03654883163571001
0 0.7223538704581358 0.4182144997004194 0.04186413902053712 0.035949670461354104
0 0.7203791469194313 0.4898142600359497 0.042654028436018954 0.05212702216896345
0 0.6406003159557662 0.4928100659077292 0.045813586097946286 0.03894547633313361
0 0.5394944707740916 0.4889155182744158 0.03949447077409163 0.028759736369083286
0 0.4549763033175355 0.48831635710005994 0.037914691943127965 0.028759736369083286
0 0.3688783570300158 0.49071300179748356 0.044233807266982623 0.028759736369083286
0 0.2815955766192733 0.48921509886159376 0.045023696682464455 0.03055721989215099
0 0.28672985781990523 0.5626123427201918 0.037914691943127965 0.029958058717795086
0 0.3696682464454976 0.5614140203714799 0.042654028436018954 0.03235470341521869
0 0.46248025276461296 0.5647094068304374 0.04344391785150079 0.04254044337926902
0 0.5430489731437599 0.561114439784302 0.0339652448657188 0.03774715398442181
0 0.6394154818325435 0.5626123427201918 0.038704581358609796 0.033553025763930495
0 0.726303317535545 0.5638106650689035 0.045023696682464455 0.04313960455362493
0 0.7219589257503949 0.6369083283403235 0.037914691943127965 0.03235470341521869
0 0.6358609794628752 0.6378070701018574 0.037914691943127965 0.0329538645895746
0 0.5458135860979463 0.634212103055722 0.03475513428120063 0.029358897543439184
0 0.4561611374407583 0.633912522468544 0.04028436018957346 0.03115638106650689
0 0.36808846761453395 0.6360095865787897 0.04739336492890995 0.04254044337926902
0 0.2918641390205371 0.6402037147992811 0.04818325434439179 0.04134212103055722
0 0.28791469194312796 0.707309766327142 0.04028436018957346 0.03055721989215099
