0 0.45023696682464454 0.3975434391851408 0.06477093206951026 0.05092869982025165
0 0.3321484992101106 0.3978430197723188 0.16350710900473933 0.05392450569203116
0 0.16113744075829384 0.39844218094667466 0.15481832543443919 0.05392450569203116
0 0.38981042654028436 0.5338526063511084 0.1919431279620853 0.05991611743559017
0 0.18009478672985782 0.5329538645895746 0.19273301737756715 0.059316956261234274
0 0.3550552922590837 0.6845416417016178 0.060821484992101105 0.059316956261234274
0 0.2037914691943128 0.6833433193529059 0.06635071090047394 0.06411024565608149
0 0.38744075829383884 0.7606351108448173 0.18088467614533965 0.06051527860994608
0 0.39257503949447076 0.8301378070701019 0.18641390205371247 0.059316956261234274
0 0.18878357030015797 0.8289394847213901 0.14218009478672985 0.03055721989215099
0 0.18641390205371247 0.7588376273217495 0.13744075829383887 0.0329538645895746
