0 0.18088467614533965 0.47483523067705213 0.11058451816745656 0.1048532055122828
0 0.3578199052132701 0.6009586578789694 0.06477093206951026 0.03115638106650689
0 0.19549763033175355 0.6485919712402637 0.11927330173775672 0.0701018573996405
0 0.2930489731437599 0.6953265428400239 0.05055292259083728 0.025763930497303775
0 0.35308056872037913 0.6938286399041342 0.05529225908372828 0.029958058717795086
0 0.29462875197472355 0.7246854403834632 0.06477093206951026 0.028160575194727384
0 0.22077409162717218 0.8457159976033554 0.10821484992101106 0.04493708807669263
0 0.3080568720379147 0.8238466147393649 0.08688783570300158 0.03235470341521869
0 0.4206161137440758 0.8448172558418214 0.11295418641390205 0.0659077291791492
0 0.5604265402843602 0.8457159976033554 0.11137440758293839 0.0677052127022169
0 0.6477093206951027 0.823547034152187 0.08214849921011058 0.03175554224086279
0 0.7618483412322274 0.8406231276213302 0.1287519747235387 0.07429598562013182
