0 0.14415481832543445 0.16267225883762731 0.08451816745655608 0.035350509286998205
0 0.23736176935229067 0.12941881366087477 0.11769352290679305 0.04913121629718394
0 0.37203791469194314 0.17465548232474537 0.16903633491311215 0.05452366686638706
0 0.3902053712480253 0.25104853205512284 0.17061611374407581 0.06111443978430198
0 0.1844391785150079 0.24985020970641103 0.18878357030015797 0.0695026962252846
0 0.5813586097946287 0.16866387058118634 0.07424960505529225 0.040143798681845415
0 0.6808846761453397 0.14649490713001798 0.0947867298578199 0.056920311563810666
0 0.8329383886255924 0.18004793289394846 0.14928909952606634 0.0677052127022169
0 0.8337282780410742 0.2750149790293589 0.16666666666666666 0.07429598562013182
0 0.618088467614534 0.26632714200119834 0.20616113744075829 0.08328340323547034
