0 0.1283570300157978 0.22708208508088676 0.060821484992101105 0.041941282204913125
0 0.2377567140600316 0.2249850209706411 0.053712480252764615 0.07968843618933494
0 0.3684834123222749 0.2279808268424206 0.10347551342812006 0.09047333732774117
0 0.20537124802527645 0.3274415817855003 0.2116903633491311 0.11204313960455363
0 0.146129541864139 0.6087477531455961 0.05055292259083728 0.03235470341521869
0 0.31003159557661925 0.6123427201917316 0.16666666666666666 0.08028759736369083
0 0.5789889415481833 0.6207309766327143 0.2685624012638231 0.1042540443379269
0 0.5868878357030016 0.7297783103654883 0.22906793048973143 0.0994607549430797
0 0.36808846761453395 0.7405632115038946 0.09794628751974724 0.08028759736369083
0 0.25118483412322273 0.7375674056321151 0.05055292259083728 0.07789095266626722
0 0.1524486571879937 0.7396644697423607 0.052132701421800945 0.03894547633313361
