0 0.49921011058451814 0.13271420011983223 0.12164296998420221 0.05811863391252247
0 0.34557661927330174 0.23876572798082685 0.038704581358609796 0.023367285799880167
0 0.3439968404423381 0.2738166566806471 0.04028436018957346 0.028759736369083286
0 0.3451816745655608 0.31336129418813663 0.05055292259083728 0.0347513481126423
0 0.34557661927330174 0.35440383463151587 0.054502369668246446 0.03055721989215099
0 0.3439968404423381 0.3909526662672259 0.06714060031595577 0.028160575194727384
0 0.344391785150079 0.42780107849011384 0.09162717219589257 0.02756141402037148
0 0.344391785150079 0.4661473936488916 0.10584518167456555 0.028759736369083286
0 0.34557661927330174 0.5089874176153385 0.11453396524486571 0.04134212103055722
0 0.3439968404423381 0.5566207309766327 0.09399684044233807 0.04074295985620132
0 0.3432069510268562 0.6057519472738166 0.08925750394944708 0.03714799281006591
0 0.3447867298578199 0.6458957459556621 0.05924170616113744 0.029958058717795086
0 0.3439968404423381 0.6845416417016178 0.05924170616113744 0.028160575194727384
0 0.3447867298578199 0.71929298981426 0.060821484992101105 0.025763930497303775
0 0.3451816745655608 0.7570401437986819 0.04107424960505529 0.0341521869382864
0 0.3459715639810427 0.8004793289394847 0.05845181674565561 0.033553025763930495
0 0.3451816745655608 0.8406231276213302 0.10426540284360189 0.028759736369083286
