0 0.2942338072669826 0.13451168364289995 0.11769352290679305 0.06530856800479329
0 0.4703791469194313 0.13331336129418814 0.11927330173775672 0.06530856800479329
0 0.6753554502369669 0.1324146195326543 0.1484992101105845 0.06710605152786099
0 0.6690363349131122 0.21569802276812464 0.13428120063191154 0.06710605152786099
0 0.4849921011058452 0.2546434991012582 0.14218009478672985 0.0659077291791492
0 0.29778830963665087 0.25524266027561415 0.13428120063191154 0.0659077291791492
0 0.13546603475513427 0.5056920311563811 0.1018957345971564 0.04913121629718394
0 0.27330173775671407 0.49610545236668663 0.11690363349131122 0.0695026962252846
0 0.4166666666666667 0.5 0.13665086887835703 0.06171360095865788
0 0.38665086887835703 0.7082085080886759 0.14928909952606634 0.06470940683043738
0 0.17890995260663506 0.7085080886758538 0.14928909952606634 0.0677052127022169
