0 0.22037914691943128 0.13511084481725585 0.07109004739336493 0.048532055122828044
0 0.33886255924170616 0.15038945476333135 0.11532385466034754 0.07789095266626722
0 0.5078988941548184 0.14799281006590773 0.11374407582938388 0.08028759736369083
0 0.6986571879936809 0.1431995206710605 0.15876777251184834 0.07669263031755542
0 0.5797788309636651 0.2504493708807669 0.16903633491311215 0.07549430796884363
0 0.7519747235387045 0.2525464349910126 0.15481832543443919 0.07609346914319952
0 0.38744075829383884 0.2495506291192331 0.16824644549763032 0.07249850209706411
0 0.20537124802527645 0.24176153385260635 0.16903633491311215 0.0713001797483523
0 0.2112954186413902 0.35470341521869386 0.1524486571879937 0.07549430796884363
0 0.39691943127962087 0.35380467345716 0.174565560821485 0.07849011384062313
0 0.5750394944707741 0.35440383463151587 0.17535545023696683 0.08208508088675855
0 0.7480252764612954 0.35530257639304974 0.16113744075829384 0.07908927501497903
0 0.23025276461295419 0.5775913720790893 0.16666666666666666 0.07070101857399641
0 0.41429699842022116 0.5656081485919713 0.165086887835703 0.09227082085080887
0 0.5932069510268563 0.573397243858598 0.16429699842022116 0.07669263031755542
0 0.7705371248025277 0.5707010185739965 0.15876777251184834 0.07609346914319952
