0 0.20102685624012637 0.09047333732774117 0.10347551342812006 0.016776512881965248
0 0.174565560821485 0.11174355901737568 0.15639810426540285 0.019772318753744758
0 0.16864139020537125 0.1324146195326543 0.16824644549763032 0.028759736369083286
0 0.2018167456556082 0.16626722588376275 0.20774091627172195 0.03774715398442181
0 0.17575039494470773 0.19772318753744758 0.15402843601895735 0.029958058717795086
0 0.1749605055292259 0.22708208508088676 0.15560821484992102 0.028759736369083286
0 0.1749605055292259 0.25524266027561415 0.15560821484992102 0.029958058717795086
0 0.17417061611374407 0.28579988016776514 0.15560821484992102 0.03115638106650689
0 0.5545023696682464 0.13630916716596764 0.06951026856240126 0.0329538645895746
0 0.631911532385466 0.12762133013780708 0.0631911532385466 0.022768124625524265
0 0.7527646129541864 0.14050329538645895 0.14691943127962084 0.04134212103055722
0 0.8025276461295419 0.2639304973037747 0.11532385466034754 0.03774715398442181
0 0.6674565560821485 0.26243259436788496 0.0631911532385466 0.03714799281006591
0 0.5477883096366508 0.2636309167165968 0.06398104265402843 0.03714799281006591
