0 0.31911532385466035 0.11473936488915519 0.14218009478672985 0.0713001797483523
0 0.6216429699842022 0.10784901138406232 0.19273301737756715 0.05512282804074296
0 0.3593996840442338 0.25883762732174953 0.1406003159557662 0.07309766327142002
0 0.3566350710900474 0.3529059316956261 0.2156398104265403 0.05392450569203116
0 0.5860979462875198 0.35769922109047336 0.13744075829383887 0.08268424206111444
0 0.6334913112164297 0.4541641701617735 0.20063191153238547 0.05392450569203116
0 0.3558451816745656 0.45865787896944277 0.15560821484992102 0.0677052127022169
0 0.2859399684044234 0.6048532055122828 0.12796208530805686 0.05572198921509886
0 0.42575039494470773 0.5958657878969443 0.08530805687203791 0.04733373277411624
0 0.6733807266982622 0.6084481725584182 0.2093206951026856 0.05811863391252247
0 0.15600315955766192 0.7786099460754943 0.08925750394944708 0.05212702216896345
0 0.3080568720379147 0.7165967645296585 0.07740916271721959 0.04313960455362493
0 0.5221169036334913 0.7276812462552427 0.1358609794628752 0.059316956261234274
0 0.31635071090047395 0.8241461953265429 0.0924170616113744 0.06171360095865788
0 0.5229067930489731 0.8373277411623727 0.17851500789889416 0.06051527860994608
0 0.7969984202211691 0.8400239664469743 0.18009478672985782 0.05991611743559017
