0 0.49842022116903634 0.12133013780707011 0.09636650868878358 0.07729179149191133
0 0.2812006319115324 0.23696824445775913 0.09162717219589257 0.023367285799880167
0 0.2815955766192733 0.26842420611144396 0.08767772511848342 0.03115638106650689
0 0.2812006319115324 0.29898142600359495 0.07898894154818326 0.029958058717795086
0 0.2815955766192733 0.32534451767525463 0.08767772511848342 0.025164769322947873
0 0.28278041074249605 0.3559017375674056 0.08214849921011058 0.033553025763930495
0 0.28278041074249605 0.3909526662672259 0.09004739336492891 0.03055721989215099
0 0.28080568720379145 0.42001198322348715 0.08925750394944708 0.02756141402037148
0 0.2796208530805687 0.44847213900539246 0.09162717219589257 0.029358897543439184
0 0.278436018957346 0.48082684242061113 0.08451816745655608 0.025763930497303775
