0 0.19115323854660346 0.11024565608148593 0.21958925750394945 0.1018573996405033
0 0.3890205371248025 0.10605152786099462 0.20458135860979462 0.08148591971240264
0 0.5979462875197472 0.09886159376872379 0.1674565560821485 0.08747753145596165
0 0.8297788309636651 0.09316956261234272 0.19984202211690363 0.0665068903535051
0 0.1943127962085308 0.23187537447573398 0.19589257503949448 0.09107249850209706
0 0.3838862559241706 0.23037747153984423 0.18799368088467613 0.09406830437387657
0 0.6050552922590837 0.2237866986219293 0.1674565560821485 0.07729179149191133
0 0.8250394944707741 0.22648292390653085 0.16824644549763032 0.08508088675853805
0 0.18562401263823064 0.3520071899340923 0.19273301737756715 0.07729179149191133
0 0.38467614533965244 0.34901138406231275 0.1895734597156398 0.07968843618933494
