0 0.32898894154818326 0.140203714799281 0.05134281200631911 0.033553025763930495
0 0.3246445497630332 0.1737567405632115 0.04107424960505529 0.028759736369083286
0 0.3281990521327014 0.20101857399640505 0.045023696682464455 0.018573996405032954
0 0.32701421800947866 0.2279808268424206 0.052132701421800945 0.022168963451168366
0 0.3285939968404423 0.2567405632115039 0.053712480252764615 0.02456560814859197
0 0.3285939968404423 0.28190533253445177 0.05529225908372828 0.022168963451168366
0 0.33096366508688785 0.3097663271420012 0.03317535545023697 0.02037147992810066
0 0.330173775671406 0.3391252246854404 0.03475513428120063 0.02037147992810066
0 0.3305687203791469 0.36249251048532055 0.02764612954186414 0.015578190533253445
0 0.3313586097946287 0.3915518274415818 0.029225908372827805 0.018573996405032954
