0 0.30252764612954186 0.1183343319352906 0.1311216429699842 0.0665068903535051
0 0.4976303317535545 0.1171360095865788 0.13428120063191154 0.0665068903535051
0 0.6951026856240127 0.11743559017375674 0.1311216429699842 0.06710605152786099
0 0.2401263823064771 0.24355901737567406 0.10110584518167456 0.04373876572798083
0 0.7160347551342812 0.2402636309167166 0.10347551342812006 0.06470940683043738
0 0.2401263823064771 0.29508687837028164 0.11058451816745656 0.04254044337926902
0 0.2401263823064771 0.6776512881965249 0.05529225908372828 0.02756141402037148
0 0.240521327014218 0.6408028759736369 0.04976303317535545 0.02696225284601558
0 0.23973143759873616 0.603355302576393 0.045023696682464455 0.028759736369083286
0 0.23973143759873616 0.5605152786099461 0.07977883096366509 0.040143798681845415
0 0.23973143759873616 0.5170760934691432 0.045023696682464455 0.02756141402037148
0 0.23973143759873616 0.4823247453565009 0.054502369668246446 0.026363091671659677
0 0.24091627172195892 0.4469742360695027 0.03475513428120063 0.02756141402037148
0 0.23973143759873616 0.4122228879568604 0.03238546603475513 0.022768124625524265
0 0.240521327014218 0.37986818454164173 0.022906793048973143 0.022768124625524265
0 0.2401263823064771 0.35140802875973637 0.022116903633491312 0.01378070701018574
