0 0.3842812006319115 0.13421210305572198 0.27567140600315954 0.1354104254044338
0 0.5015797788309636 0.2968843618933493 0.09636650868878358 0.048532055122828044
0 0.3570300157977883 0.36129418813660874 0.044233807266982623 0.02756141402037148
0 0.35624012638230645 0.40323547034152185 0.042654028436018954 0.041941282204913125
0 0.35742496050552924 0.45955662073097664 0.052922590837282776 0.05392450569203116
0 0.3570300157977883 0.5161773517076094 0.044233807266982623 0.04733373277411624
0 0.3550552922590837 0.567106051527861 0.045023696682464455 0.04134212103055722
0 0.35624012638230645 0.6111443978430198 0.042654028436018954 0.033553025763930495
0 0.35742496050552924 0.6617735170760934 0.04186413902053712 0.046135410425404436
0 0.3570300157977883 0.7189934092270821 0.042654028436018954 0.04553624925104853
