0 0.6484992101105845 0.48442180946674657 0.10584518167456555 0.04493708807669263
0 0.7796208530805687 0.4910125823846615 0.0947867298578199 0.05092869982025165
0 0.6488941548183255 0.5653085680047933 0.10979462875197472 0.04373876572798083
0 0.7958135860979463 0.5707010185739965 0.06240126382306477 0.05092869982025165
0 0.6473143759873617 0.6443978430197723 0.10979462875197472 0.035350509286998205
0 0.7962085308056872 0.6473936488915518 0.061611374407582936 0.04973037747153985
0 0.6469194312796208 0.7210904733373278 0.10426540284360189 0.04373876572798083
0 0.7855450236966824 0.7228879568603954 0.10979462875197472 0.029358897543439184
0 0.646129541864139 0.7971839424805273 0.10900473933649289 0.04373876572798083
0 0.7871248025276462 0.7965847813061714 0.1066350710900474 0.0341521869382864
0 0.7156398104265402 0.866087477531456 0.16113744075829384 0.03055721989215099
