0 0.2578988941548183 0.1030557219892151 0.160347551342812 0.033553025763930495
0 0.42101105845181674 0.09916117435590174 0.11216429699842022 0.029358897543439184
0 0.6978672985781991 0.10455362492510485 0.23143759873617692 0.03654883163571001
0 0.26816745655608215 0.16596764529658478 0.13507109004739337 0.05871779508687837
0 0.4186413902053712 0.16746554823247453 0.11216429699842022 0.029358897543439184
0 0.6872037914691943 0.17046135410425406 0.2116903633491311 0.05452366686638706
0 0.2863349131121643 0.2908927501497903 0.08925750394944708 0.022168963451168366
0 0.4312796208530806 0.2843019772318754 0.12480252764612954 0.040143798681845415
0 0.6733807266982622 0.2953864589574596 0.18878357030015797 0.05512282804074296
0 0.2646129541864139 0.341521869382864 0.12954186413902052 0.0347513481126423
0 0.4656398104265403 0.35380467345716 0.10821484992101106 0.053325344517675254
0 0.7006319115323855 0.35440383463151587 0.2037914691943128 0.05452366686638706
0 0.2942338072669826 0.5281605751947274 0.18562401263823064 0.05092869982025165
0 0.6453396524486572 0.4847213900539245 0.31121642969984203 0.06231276213301378
0 0.6473143759873617 0.5751947273816657 0.3104265402843602 0.07789095266626722
