0 0.2693522906793049 0.09346914319952067 0.1311216429699842 0.06231276213301378
0 0.18759873617693523 0.16237267825044938 0.17614533965244866 0.08148591971240264
0 0.3783570300157978 0.16177351707609347 0.1769352290679305 0.08388256440982625
0 0.16350710900473933 0.30407429598562014 0.1311216429699842 0.0341521869382864
0 0.4048183254344392 0.3028759736369083 0.1334913112164297 0.03894547633313361
0 0.20497630331753555 0.3711803475134811 0.10821484992101106 0.03774715398442181
0 0.4186413902053712 0.366087477531456 0.10900473933649289 0.03834631515877771
0 0.30450236966824645 0.42600359496704615 0.1066350710900474 0.03834631515877771
0 0.16390205371248026 0.5026962252846016 0.13191153238546605 0.03235470341521869
0 0.4067930489731438 0.5008987417615338 0.12954186413902052 0.03834631515877771
0 0.18878357030015797 0.5581186339125225 0.10742496050552923 0.03894547633313361
0 0.410347551342812 0.5587177950868784 0.1066350710900474 0.040143798681845415
0 0.5868878357030016 0.1207309766327142 0.0631911532385466 0.04254044337926902
0 0.6311216429699842 0.09436788496105453 0.04739336492890995 0.018573996405032954
0 0.7053712480252764 0.11623726782504494 0.0631911532385466 0.04793289394847214
0 0.8471563981042654 0.11683642899940085 0.060821484992101105 0.04913121629718394
0 0.5809636650868878 0.201318154583583 0.10347551342812006 0.046734571599760334
0 0.7768562401263823 0.2055122828040743 0.0924170616113744 0.046734571599760334
0 0.8483412322274881 0.27291791491911327 0.10900473933649289 0.08448172558418214
0 0.5750394944707741 0.2852007189934092 0.09162717219589257 0.052726183343319355
0 0.7203791469194313 0.2720191731575794 0.11058451816745656 0.08388256440982625
0 0.7199842022116903 0.38615937687237867 0.11137440758293839 0.08568004793289395
0 0.5746445497630331 0.4011384062312762 0.08925750394944708 0.06411024565608149
0 0.5683254344391785 0.5068903535050929 0.07187993680884676 0.04913121629718394
0 0.7468404423380727 0.5134811264230078 0.13191153238546605 0.04793289394847214
0 0.5963665086887836 0.5955662073097664 0.13428120063191154 0.05632115038945477
0 0.8281990521327014 0.5958657878969443 0.14454976303317535 0.05452366686638706
