0 0.2519747235387046 0.14949071300179748 0.11848341232227488 0.05452366686638706
0 0.4032385466034755 0.1336129418813661 0.1334913112164297 0.09826243259436789
0 0.560821484992101 0.13151587777112042 0.13270142180094788 0.09047333732774117
0 0.6994470774091627 0.1318154583582984 0.14770932069510267 0.08987417615338526
0 0.2551342812006319 0.2648292390653086 0.11848341232227488 0.04913121629718394
0 0.40205371248025273 0.2591372079089275 0.15165876777251186 0.0665068903535051
0 0.5639810426540284 0.2609346914319952 0.13270142180094788 0.0665068903535051
0 0.7057661927330173 0.26452965847813065 0.15086887835703 0.06411024565608149
0 0.25157977883096366 0.40143798681845416 0.10505529225908372 0.052726183343319355
0 0.4166666666666667 0.37896944278010786 0.11453396524486571 0.09646494907130018
0 0.5872827804107424 0.36069502696225286 0.17140600315955765 0.12342720191731577
0 0.7215639810426541 0.3630916716596765 0.16824644549763032 0.12222887956860395
