0 0.24091627172195892 0.14170161773517076 0.08846761453396525 0.06411024565608149
0 0.3909952606635071 0.1366087477531456 0.11848341232227488 0.08028759736369083
0 0.5789889415481833 0.13151587777112042 0.12006319115323855 0.09047333732774117
0 0.7278830963665087 0.13271420011983223 0.12085308056872038 0.09286998202516478
0 0.5039494470774092 0.268124625524266 0.19115323854660346 0.09167165967645297
0 0.7065560821484992 0.27052127022168965 0.18878357030015797 0.09286998202516478
0 0.5466034755134281 0.4227082085080887 0.06003159557661927 0.03654883163571001
0 0.6872037914691943 0.42720191731575796 0.11058451816745656 0.03834631515877771
0 0.8285939968404423 0.43618933493109646 0.09320695102685624 0.07908927501497903
0 0.6078199052132701 0.5401437986818455 0.0971563981042654 0.07849011384062313
0 0.7180094786729858 0.5092869982025164 0.08688783570300158 0.039544637507489516
0 0.8495260663507109 0.5404433792690234 0.1382306477093207 0.08747753145596165
0 0.6030805687203792 0.7408627920910725 0.17614533965244866 0.09646494907130018
0 0.8313586097946287 0.7402636309167167 0.17140600315955765 0.10005991611743559
