0 0.2843601895734597 0.17705212702216896 0.17851500789889416 0.06890353505092871
0 0.5098736176935229 0.10784901138406232 0.13033175355450236 0.09466746554823248
0 0.7266982622432859 0.1330137807070102 0.12322274881516587 0.04433792690233673
0 0.5987361769352291 0.2890952666267226 0.07582938388625593 0.053325344517675254
0 0.5114533965244865 0.28280407429598564 0.08767772511848342 0.05152786099460755
0 0.5122432859399684 0.23936488915518275 0.10031595576619273 0.04733373277411624
0 0.509478672985782 0.19772318753744758 0.08530805687203791 0.04313960455362493
0 0.7946287519747235 0.19682444577591374 0.0679304897314376 0.046135410425404436
0 0.7914691943127962 0.24475733972438588 0.07582938388625593 0.04493708807669263
0 0.7997630331753555 0.2896944278010785 0.07345971563981042 0.040143798681845415
