0 0.4842022116903633 0.12133013780707011 0.3617693522906793 0.12162971839424805
0 0.3570300157977883 0.2384661473936489 0.2796208530805687 0.0659077291791492
0 0.6394154818325435 0.2390653085680048 0.2424960505529226 0.08148591971240264
0 0.3617693522906793 0.35949670461354105 0.21800947867298578 0.11264230077890953
0 0.6390205371248026 0.3427201917315758 0.27804107424960506 0.09346914319952067
0 0.2725118483412322 0.573397243858598 0.25434439178515006 0.05871779508687837
0 0.5150078988941548 0.4976033553025764 0.1358609794628752 0.05212702216896345
0 0.7180094786729858 0.4949071300179749 0.1263823064770932 0.04074295985620132
0 0.5086887835703001 0.5934691431995207 0.12322274881516587 0.056920311563810666
0 0.7223538704581358 0.5943678849610545 0.1287519747235387 0.052726183343319355
0 0.27606635071090047 0.6986219292989815 0.2456556082148499 0.0695026962252846
0 0.5177725118483413 0.6842420611144397 0.13033175355450236 0.05991611743559017
0 0.726303317535545 0.6794487717195926 0.12559241706161137 0.05512282804074296
0 0.5379146919431279 0.7860994607549431 0.12322274881516587 0.05751947273816657
0 0.7598736176935229 0.7798082684242061 0.17851500789889416 0.05572198921509886
