0 0.2815955766192733 0.1273217495506291 0.160347551342812 0.09047333732774117
0 0.4214060031595577 0.12672258837627323 0.08609794628751975 0.05092869982025165
0 0.5884676145339652 0.13630916716596764 0.1579778830963665 0.10844817255841822
0 0.7338072669826224 0.13810665068903535 0.12322274881516587 0.11084481725584182
0 0.5710900473933649 0.3085680047932894 0.11374407582938388 0.08148591971240264
0 0.7610584518167457 0.3115638106650689 0.11453396524486571 0.08388256440982625
0 0.6062401263823065 0.47393648891551826 0.15402843601895735 0.08627920910724986
0 0.8238546603475513 0.4775314559616537 0.15481832543443919 0.09346914319952067
0 0.6220379146919431 0.5871779508687838 0.11769352290679305 0.09706411024565609
0 0.8238546603475513 0.5901737567405633 0.12006319115323855 0.09346914319952067
