0 0.2713270142180095 0.16446974236069503 0.1429699842022117 0.0701018573996405
0 0.45142180094786727 0.1488915518274416 0.174565560821485 0.10365488316357101
0 0.6793048973143759 0.1360095865787897 0.24644549763033174 0.1318154583582984
0 0.27488151658767773 0.33822648292390656 0.17535545023696683 0.07729179149191133
0 0.4684044233807267 0.32354703415218694 0.1895734597156398 0.11503894547633314
0 0.6808846761453397 0.329239065308568 0.18325434439178515 0.07249850209706411
0 0.2962085308056872 0.536249251048532 0.19115323854660346 0.16057519472738166
0 0.495260663507109 0.5509286998202516 0.19115323854660346 0.13001797483523067
0 0.707740916271722 0.5056920311563811 0.16587677725118483 0.08028759736369083
0 0.7563191153238547 0.5769922109047334 0.09399684044233807 0.028759736369083286
0 0.7602685624012638 0.6252246854403835 0.10821484992101106 0.02696225284601558
