0 0.7089257503949447 0.1201318154583583 0.160347551342812 0.06530856800479329
0 0.4759083728278041 0.11024565608148593 0.17614533965244866 0.05152786099460755
0 0.23657187993680884 0.11144397843019772 0.0971563981042654 0.04913121629718394
0 0.20418641390205372 0.22588376273217495 0.16192733017377567 0.0659077291791492
0 0.5789889415481833 0.22648292390653085 0.11374407582938388 0.07189934092270821
0 0.7812006319115323 0.225584182144997 0.10742496050552923 0.06530856800479329
0 0.7069510268562401 0.38945476333133616 0.2259083728278041 0.08627920910724986
0 0.4609004739336493 0.3750748951467945 0.24407582938388625 0.11863391252246855
0 0.21642969984202212 0.37777112043139605 0.1484992101105845 0.05452366686638706
0 0.7069510268562401 0.5116836428999401 0.22906793048973143 0.11024565608148593
0 0.30252764612954186 0.5209706411024566 0.22274881516587677 0.08807669263031756
