0 0.6003159557661927 0.07219892150988616 0.10900473933649289 0.019772318753744758
0 0.6275671406003159 0.09886159376872379 0.16350710900473933 0.022768124625524265
0 0.6275671406003159 0.1324146195326543 0.16192733017377567 0.02756141402037148
0 0.655608214849921 0.16566806470940684 0.2211690363349131 0.025763930497303775
0 0.6548183254344392 0.20011983223487118 0.2211690363349131 0.028759736369083286
0 0.6536334913112164 0.2408627920910725 0.2377567140600316 0.03235470341521869
0 0.6496840442338072 0.2810065907729179 0.22985781990521326 0.035949670461354104
0 0.6619273301737757 0.32234871180347513 0.23380726698262244 0.033553025763930495
0 0.6500789889415481 0.35440383463151587 0.22748815165876776 0.019772318753744758
0 0.655608214849921 0.3873576992210905 0.24328593996840442 0.0329538645895746
0 0.7109004739336493 0.42300778909526665 0.3838862559241706 0.035949670461354104
