0 0.20418641390205372 0.11054523666866388 0.10505529225908372 0.040143798681845415
0 0.32661927330173773 0.11144397843019772 0.09557661927330173 0.028759736369083286
0 0.5276461295418642 0.11024565608148593 0.16587677725118483 0.03834631515877771
0 0.7634281200631912 0.12941881366087477 0.16824644549763032 0.08747753145596165
0 0.273696682464455 0.22977831036548832 0.16666666666666666 0.11443978430197724
0 0.4901263823064771 0.22768124625524266 0.11769352290679305 0.11384062312762133
0 0.6915481832543444 0.23487118034751348 0.11453396524486571 0.10665068903535051
0 0.315955766192733 0.4520671060515279 0.2669826224328594 0.12762133013780708
0 0.5545023696682464 0.4427801078490114 0.10900473933649289 0.1018573996405033
0 0.7397314375987362 0.4334931096464949 0.15560821484992102 0.1360095865787897
