0 0.44549763033175355 0.11024565608148593 0.07740916271721959 0.03235470341521869
0 0.6469194312796208 0.12103055721989216 0.09636650868878358 0.07309766327142002
0 0.32424960505529227 0.10934691431995207 0.04186413902053712 0.03055721989215099
0 0.24407582938388625 0.10575194727381666 0.04739336492890995 0.01737567405632115
0 0.1188783570300158 0.2762133013780707 0.07345971563981042 0.06231276213301378
0 0.27567140600315954 0.2750149790293589 0.09320695102685624 0.06231276213301378
0 0.40165876777251186 0.29718394248052726 0.13191153238546605 0.046734571599760334
0 0.16903633491311215 0.3981426003594967 0.15955766192733017 0.09047333732774117
0 0.3858609794628752 0.4020371479928101 0.15876777251184834 0.08987417615338526
0 0.13546603475513427 0.5751947273816657 0.1066350710900474 0.033553025763930495
0 0.3305687203791469 0.5781905332534452 0.17772511848341233 0.04913121629718394
0 0.17772511848341233 0.6665668064709407 0.17851500789889416 0.053325344517675254
0 0.4107424960505529 0.6671659676452966 0.14691943127962084 0.08568004793289395
0 0.30450236966824645 0.6536848412222888 0.03712480252764613 0.013181545835829839
