0 0.6370458135860979 0.6608747753145596 0.10031595576619273 0.06111443978430198
0 0.7993680884676145 0.6572798082684242 0.10900473933649289 0.05632115038945477
0 0.7950236966824644 0.7792091072498503 0.174565560821485 0.08687837028160575
0 0.6378357030015798 0.8019772318753745 0.12717219589257503 0.03894547633313361
0 0.6425750394944708 0.34931096464949074 0.09873617693522907 0.05392450569203116
0 0.490521327014218 0.37986818454164173 0.06951026856240126 0.046734571599760334
0 0.3392575039494471 0.24985020970641103 0.09399684044233807 0.06111443978430198
0 0.665086887835703 0.2525464349910126 0.10426540284360189 0.06411024565608149
0 0.49960505529225907 0.2507489514679449 0.10031595576619273 0.06890353505092871
0 0.6248025276461295 0.15997603355302575 0.07109004739336493 0.046734571599760334
0 0.49842022116903634 0.12702216896345117 0.09794628751974724 0.052726183343319355
