0 0.7334123222748815 0.11863391252246855 0.13665086887835703 0.0683043738765728
0 0.49565560821484994 0.12133013780707011 0.1334913112164297 0.0713001797483523
0 0.2665876777251185 0.1171360095865788 0.13191153238546605 0.059316956261234274
0 0.7326224328593997 0.286399041342121 0.1334913112164297 0.06710605152786099
0 0.5047393364928909 0.28460155781905333 0.11532385466034754 0.0683043738765728
0 0.28515007898894157 0.2831036548831636 0.1721958925750395 0.1012582384661474
0 0.7369668246445498 0.46794487717195926 0.1769352290679305 0.1018573996405033
0 0.4901263823064771 0.46884361893349313 0.174565560821485 0.09766327142001198
0 0.25039494470774093 0.4682444577591372 0.15481832543443919 0.07369682444577591
0 0.7302527646129542 0.6509886159376872 0.1872037914691943 0.09646494907130018
0 0.5122432859399684 0.6554823247453565 0.11611374407582938 0.07549430796884363
0 0.35545023696682465 0.6452965847813061 0.07740916271721959 0.05392450569203116
0 0.221563981042654 0.6536848412222888 0.07187993680884676 0.07070101857399641
