0 0.21721958925750395 0.2660275614140204 0.2638230647709321 0.08987417615338526
0 0.3550552922590837 0.35530257639304974 0.2551342812006319 0.05991611743559017
0 0.5177725118483413 0.536249251048532 0.15086887835703 0.05991611743559017
0 0.344391785150079 0.5374475733972439 0.08846761453396525 0.028759736369083286
0 0.21800947867298578 0.5443379269023367 0.12480252764612954 0.025763930497303775
0 0.7239336492890995 0.5994607549430797 0.24091627172195892 0.05572198921509886
0 0.21248025276461296 0.6572798082684242 0.13270142180094788 0.04553624925104853
0 0.3803317535545024 0.6548831635710006 0.1066350710900474 0.04553624925104853
0 0.5363349131121643 0.6542840023966447 0.10426540284360189 0.04433792690233673
0 0.7251184834123222 0.7061114439784302 0.23854660347551343 0.04973037747153985
0 0.5394944707740916 0.7953864589574596 0.24170616113744076 0.08208508088675855
0 0.27488151658767773 0.7959856201318155 0.22748815165876776 0.0677052127022169
