0 0.7638230647709321 0.11174355901737568 0.12322274881516587 0.056920311563810666
0 0.5556872037914692 0.11114439784301977 0.11769352290679305 0.05572198921509886
0 0.3613744075829384 0.11054523666866388 0.0971563981042654 0.05572198921509886
0 0.1970774091627172 0.11443978430197724 0.06240126382306477 0.04913121629718394
0 0.7650078988941548 0.26452965847813065 0.12085308056872038 0.05452366686638706
0 0.560821484992101 0.2567405632115039 0.12164296998420221 0.06530856800479329
0 0.26342812006319116 0.24236069502696225 0.18404423380726698 0.09646494907130018
0 0.4214060031595577 0.27950868783702815 0.10347551342812006 0.03894547633313361
0 0.7393364928909952 0.4418813660874775 0.11374407582938388 0.06051527860994608
0 0.5505529225908373 0.445176752546435 0.11532385466034754 0.05871779508687837
0 0.3617693522906793 0.44367884961054527 0.11216429699842022 0.05572198921509886
0 0.22472353870458137 0.4355901737567406 0.05924170616113744 0.04793289394847214
0 0.2815955766192733 0.5811863391252247 0.17614533965244866 0.0994607549430797
0 0.5114533965244865 0.5958657878969443 0.11769352290679305 0.0665068903535051
0 0.740916271721959 0.6027561414020371 0.1358609794628752 0.06111443978430198
