0 0.283175355450237 0.13271420011983223 0.2235387045813586 0.09167165967645297
0 0.5213270142180094 0.1207309766327142 0.19273301737756715 0.11563810665068903
0 0.7164296998420221 0.1336129418813661 0.1484992101105845 0.08388256440982625
0 0.27527646129541866 0.30707010185739964 0.21248025276461296 0.12402636309167166
0 0.5995260663507109 0.30017974835230676 0.45813586097946285 0.15218693828639904
0 0.2871248025276461 0.48532055122828044 0.174565560821485 0.11743559017375674
0 0.5592417061611374 0.47094068304373876 0.08056872037914692 0.046734571599760334
0 0.6808846761453397 0.4706411024565608 0.06003159557661927 0.046135410425404436
0 0.6883886255924171 0.5581186339125225 0.1018957345971564 0.10005991611743559
0 0.8384676145339652 0.5587177950868784 0.146129541864139 0.1012582384661474
0 0.556872037914692 0.5847813061713601 0.08056872037914692 0.04553624925104853
