0 0.6998420221169036 0.10784901138406232 0.20695102685624012 0.0994607549430797
0 0.6852290679304898 0.21539844218094667 0.1919431279620853 0.10844817255841822
0 0.4664296998420221 0.225584182144997 0.16192733017377567 0.1012582384661474
0 0.26895734597156395 0.2330736968244458 0.13191153238546605 0.11863391252246855
0 0.4806477093206951 0.1042540443379269 0.23143759873617692 0.08987417615338526
0 0.27764612954186413 0.11743559017375674 0.1524486571879937 0.07309766327142002
0 0.6832543443917851 0.3864589574595566 0.11690363349131122 0.0659077291791492
0 0.5383096366508688 0.378370281605752 0.11295418641390205 0.0701018573996405
0 0.3858609794628752 0.38585979628520073 0.07187993680884676 0.05991611743559017
0 0.2626382306477093 0.38885560215698023 0.07345971563981042 0.05392450569203116
0 0.3029225908372828 0.5110844817255842 0.16192733017377567 0.06470940683043738
0 0.532780410742496 0.5071899340922709 0.11611374407582938 0.06291192330736968
0 0.7195892575039494 0.5023966446974236 0.11532385466034754 0.06411024565608149
