0 0.23736176935229067 0.13571000599161176 0.14770932069510267 0.10844817255841822
0 0.46919431279620855 0.1330137807070102 0.14533965244865718 0.10665068903535051
0 0.5932069510268563 0.11024565608148593 0.08056872037914692 0.04913121629718394
0 0.7547393364928909 0.13001797483523067 0.20458135860979462 0.1042540443379269
0 0.24447077409162718 0.2618334331935291 0.2093206951026856 0.08268424206111444
0 0.49881516587677727 0.2618334331935291 0.20774091627172195 0.08268424206111444
0 0.7535545023696683 0.26243259436788496 0.20537124802527645 0.08268424206111444
0 0.30450236966824645 0.3978430197723188 0.2456556082148499 0.07429598562013182
0 0.7239336492890995 0.3885560215698023 0.20774091627172195 0.08208508088675855
0 0.3230647709320695 0.5635110844817256 0.17535545023696683 0.12522468544038345
0 0.6433649289099526 0.5656081485919713 0.179304897314376 0.1018573996405033
0 0.32898894154818326 0.7345715997603356 0.2567140600315956 0.1006590772917915
0 0.5402843601895735 0.701318154583583 0.11216429699842022 0.0329538645895746
0 0.7105055292259084 0.7354703415218694 0.18088467614533965 0.1024565608148592
0 0.48459715639810425 0.3678849610545237 0.07187993680884676 0.016776512881965248
