0 0.19075829383886256 0.10335530257639305 0.18088467614533965 0.07968843618933494
0 0.3890205371248025 0.1030557219892151 0.16350710900473933 0.07669263031755542
0 0.593996840442338 0.10275614140203715 0.18009478672985782 0.06411024565608149
0 0.8171406003159557 0.09736369083283404 0.19352290679304898 0.06530856800479329
0 0.17338072669826224 0.2055122828040743 0.16982622432859398 0.08388256440982625
0 0.3811216429699842 0.20641102456560814 0.23143759873617692 0.0677052127022169
0 0.6204581358609794 0.21030557219892151 0.18562401263823064 0.07908927501497903
0 0.8278041074249605 0.19173157579388855 0.17061611374407581 0.1006590772917915
0 0.17812006319115323 0.34481725584182144 0.16350710900473933 0.07249850209706411
0 0.4040284360189573 0.3367285799880168 0.18878357030015797 0.08388256440982625
0 0.6042654028436019 0.3286399041342121 0.1674565560821485 0.09047333732774117
0 0.8179304897314376 0.3334331935290593 0.15718799368088468 0.09047333732774117
0 0.17180094786729858 0.4640503295386459 0.16192733017377567 0.10964649490713002
0 0.3783570300157978 0.4745356500898742 0.1895734597156398 0.06470940683043738
0 0.5892575039494471 0.45775913720790895 0.14533965244865718 0.08867585380467347
0 0.787519747235387 0.4724385859796285 0.18009478672985782 0.07729179149191133
0 0.17417061611374407 0.5988615937687238 0.17614533965244866 0.06051527860994608
0 0.38704581358609796 0.6003594967046135 0.17535545023696683 0.0659077291791492
0 0.6066350710900474 0.591671659676453 0.16113744075829384 0.09646494907130018
0 0.8092417061611374 0.5943678849610545 0.12717219589257503 0.05991611743559017
0 0.2938388625592417 0.7351707609346915 0.1358609794628752 0.10665068903535051
0 0.514218009478673 0.7249850209706411 0.19589257503949448 0.10545236668663871
0 0.7235387045813586 0.7222887956860395 0.15007898894154817 0.11683642899940085
