0 0.7030015797788309 0.12222887956860395 0.20063191153238547 0.09227082085080887
0 0.5 0.1189334931096465 0.1990521327014218 0.09646494907130018
0 0.29778830963665087 0.1207309766327142 0.20221169036334913 0.09766327142001198
0 0.5351500789889415 0.2300778909526663 0.15086887835703 0.08268424206111444
0 0.31714060031595576 0.2372678250449371 0.23617693522906794 0.09107249850209706
0 0.7187993680884676 0.3603954463750749 0.14691943127962084 0.07249850209706411
0 0.3550552922590837 0.3603954463750749 0.29462875197472355 0.07849011384062313
0 0.3977093206951027 0.4439784301977232 0.3767772511848341 0.11144397843019772
0 0.707740916271722 0.4685440383463152 0.16113744075829384 0.07669263031755542
0 0.7180094786729858 0.5659077291791492 0.1674565560821485 0.06291192330736968
0 0.3981042654028436 0.5868783702816057 0.37756714060031593 0.1348112642300779
