0 0.4948657187993681 0.11443978430197724 0.18404423380726698 0.05632115038945477
0 0.33767772511848343 0.17884961054523668 0.05766192733017377 0.048532055122828044
0 0.41153238546603477 0.17974835230677053 0.04739336492890995 0.05032953864589575
0 0.5015797788309636 0.17884961054523668 0.06003159557661927 0.04973037747153985
0 0.5853080568720379 0.18004793289394846 0.061611374407582936 0.05092869982025165
0 0.6587677725118484 0.17705212702216896 0.05055292259083728 0.04254044337926902
0 0.7361769352290679 0.17974835230677053 0.042654028436018954 0.05152786099460755
0 0.18127962085308055 0.41252246854403835 0.20458135860979462 0.1024565608148592
0 0.39849921011058453 0.4071300179748352 0.19036334913112163 0.09406830437387657
0 0.6062401263823065 0.41971240263630916 0.18878357030015797 0.11324146195326543
0 0.8293838862559242 0.4152186938286399 0.1721958925750395 0.09826243259436789
0 0.7176145339652449 0.5434391851408029 0.20458135860979462 0.09706411024565609
0 0.3882306477093207 0.5167765128819652 0.1872037914691943 0.08088675853804674
0 0.19036334913112163 0.5149790293588975 0.18325434439178515 0.11204313960455363
0 0.2890995260663507 0.6336129418813661 0.1943127962085308 0.09167165967645297
