0 0.2531595576619273 0.11024565608148593 0.10505529225908372 0.04313960455362493
0 0.4928909952606635 0.11204313960455363 0.10426540284360189 0.04553624925104853
0 0.735387045813586 0.13331336129418814 0.12480252764612954 0.046135410425404436
0 0.3329383886255924 0.24236069502696225 0.09873617693522907 0.08687837028160575
0 0.5805687203791469 0.24355901737567406 0.11690363349131122 0.08568004793289395
0 0.25039494470774093 0.396644697423607 0.09794628751974724 0.08867585380467347
0 0.37598736176935227 0.396644697423607 0.11216429699842022 0.08627920910724986
0 0.5829383886255924 0.3957459556620731 0.11374407582938388 0.08807669263031756
0 0.3767772511848341 0.5569203115638107 0.11374407582938388 0.09886159376872379
0 0.24842022116903634 0.5599161174355902 0.08609794628751975 0.08568004793289395
0 0.13704581358609794 0.688735769922109 0.0971563981042654 0.08328340323547034
0 0.4099526066350711 0.6893349310964649 0.10110584518167456 0.08328340323547034
0 0.14533965244865718 0.804973037747154 0.11532385466034754 0.08687837028160575
0 0.4174565560821485 0.8046734571599761 0.11453396524486571 0.08508088675853805
