0 0.49921011058451814 0.1189334931096465 0.1721958925750395 0.08448172558418214
0 0.3420221169036335 0.24805272618334331 0.07424960505529225 0.04553624925104853
0 0.3424170616113744 0.3067705212702217 0.07977883096366509 0.05152786099460755
0 0.3424170616113744 0.359796285200719 0.07977883096366509 0.04254044337926902
0 0.34162717219589256 0.40772917914919116 0.07819905213270142 0.048532055122828044
0 0.34123222748815163 0.4559616536848412 0.07582938388625593 0.04074295985620132
0 0.34123222748815163 0.5056920311563811 0.08846761453396525 0.04913121629718394
0 0.3424170616113744 0.5626123427201918 0.0924170616113744 0.046734571599760334
0 0.3428120063191153 0.6168364289994008 0.08214849921011058 0.04973037747153985
0 0.3432069510268562 0.6737567405632116 0.06240126382306477 0.048532055122828044
0 0.3420221169036335 0.7288795686039545 0.06003159557661927 0.04733373277411624
0 0.3424170616113744 0.7837028160575195 0.08293838862559241 0.04793289394847214
0 0.3424170616113744 0.8385260635110845 0.08609794628751975 0.04733373277411624
0 0.3420221169036335 0.8933493109646495 0.10110584518167456 0.05032953864589575
