0 0.6943127962085308 0.121929298981426 0.18009478672985782 0.05572198921509886
0 0.4498420221169036 0.11983223487118035 0.0971563981042654 0.03714799281006591
0 0.25434439178515006 0.12162971839424805 0.11690363349131122 0.04074295985620132
0 0.6915481832543444 0.292690233672858 0.22037914691943128 0.0701018573996405
0 0.3246445497630332 0.29508687837028164 0.22432859399684044 0.07968843618933494
0 0.3293838862559242 0.4433792690233673 0.2259083728278041 0.07189934092270821
0 0.5462085308056872 0.18154583582983824 0.06398104265402843 0.11503894547633314
0 0.7488151658767772 0.5659077291791492 0.15007898894154817 0.0713001797483523
0 0.5043443917851501 0.57309766327142 0.15402843601895735 0.05212702216896345
0 0.2815955766192733 0.573397243858598 0.06240126382306477 0.05152786099460755
0 0.21524486571879936 0.5715997603355303 0.035545023696682464 0.07189934092270821
0 0.7377567140600316 0.7162971839424805 0.13902053712480253 0.06171360095865788
0 0.5039494470774092 0.7186938286399042 0.14691943127962084 0.059316956261234274
0 0.2871248025276461 0.713600958657879 0.05924170616113744 0.06351108448172559
0 0.2033965244865719 0.7285799880167765 0.05608214849921011 0.08867585380467347
0 0.7421011058451816 0.8466147393648892 0.14139020537124802 0.052726183343319355
0 0.4921011058451817 0.8544038346315159 0.15165876777251186 0.05991611743559017
0 0.28791469194312796 0.8463151587777112 0.05608214849921011 0.07849011384062313
0 0.21682464454976302 0.8472139005392451 0.04186413902053712 0.08268424206111444
