0 0.16785150078988942 0.11174355901737568 0.1018957345971564 0.07849011384062313
0 0.1919431279620853 0.22768124625524266 0.1579778830963665 0.10545236668663871
0 0.5975513428120063 0.12162971839424805 0.11927330173775672 0.07549430796884363
0 0.8052922590837283 0.1207309766327142 0.12085308056872038 0.07968843618933494
0 0.6097946287519748 0.3085680047932894 0.10110584518167456 0.06111443978430198
0 0.7800157977883097 0.31665668064709407 0.11927330173775672 0.0713001797483523
0 0.3909952606635071 0.42061114439784303 0.11848341232227488 0.07669263031755542
0 0.2507898894154818 0.4304973037747154 0.06398104265402843 0.046135410425404436
0 0.15955766192733017 0.43319352905931696 0.08846761453396525 0.05392450569203116
0 0.6074249605055292 0.49550629119233075 0.09794628751974724 0.05871779508687837
0 0.8021327014218009 0.5029958058717795 0.12243285939968404 0.07729179149191133
0 0.3890205371248025 0.5751947273816657 0.11137440758293839 0.07789095266626722
0 0.27014218009478674 0.5742959856201318 0.11848341232227488 0.0713001797483523
0 0.15995260663507108 0.57309766327142 0.09399684044233807 0.059316956261234274
0 0.2772511848341232 0.7091072498502097 0.09794628751974724 0.05572198921509886
0 0.3941548183254344 0.7142001198322349 0.12164296998420221 0.07429598562013182
