0 0.17890995260663506 0.1012582384661474 0.1966824644549763 0.07908927501497903
0 0.16666666666666666 0.22109047333732776 0.16429699842022116 0.07789095266626722
0 0.4052132701421801 0.2225883762732175 0.15955766192733017 0.07849011384062313
0 0.5639810426540284 0.11324146195326543 0.11058451816745656 0.06351108448172559
0 0.7061611374407583 0.11354104254044338 0.12322274881516587 0.06291192330736968
0 0.8566350710900473 0.11354104254044338 0.11769352290679305 0.06291192330736968
0 0.6986571879936809 0.22648292390653085 0.1240126382306477 0.07309766327142002
0 0.8578199052132701 0.22977831036548832 0.11848341232227488 0.06051527860994608
0 0.5758293838862559 0.4041342121030557 0.11690363349131122 0.06171360095865788
0 0.7176145339652449 0.40533253445176753 0.11769352290679305 0.06051527860994608
0 0.858214849921011 0.40473337327741166 0.11611374407582938 0.06171360095865788
0 0.6939178515007899 0.5164769322947873 0.1240126382306477 0.0683043738765728
0 0.8562401263823065 0.518573996405033 0.11848341232227488 0.06411024565608149
