0 0.14770932069510267 0.10934691431995207 0.14533965244865718 0.09646494907130018
0 0.21406003159557663 0.17645296584781306 0.08846761453396525 0.07968843618933494
0 0.37993680884676145 0.12792091072498502 0.1579778830963665 0.10005991611743559
0 0.6248025276461295 0.10665068903535051 0.16587677725118483 0.1030557219892151
0 0.8175355450236966 0.11324146195326543 0.1674565560821485 0.09586578789694428
0 0.17890995260663506 0.2768124625524266 0.165086887835703 0.1042540443379269
0 0.18641390205371247 0.38615937687237867 0.20695102685624012 0.09766327142001198
0 0.3862559241706161 0.2606351108448173 0.16903633491311215 0.13421210305572198
0 0.4000789889415482 0.3816656680647094 0.174565560821485 0.09706411024565609
0 0.5971563981042654 0.2213900539245057 0.15955766192733017 0.1012582384661474
0 0.8199052132701422 0.23217495506291194 0.1579778830963665 0.09766327142001198
0 0.6425750394944708 0.34901138406231275 0.16824644549763032 0.1288196524865189
0 0.8392575039494471 0.3520071899340923 0.15086887835703 0.1024565608148592
