0 0.20655608214849921 0.09077291791491912 0.2093206951026856 0.056920311563810666
0 0.2093206951026856 0.18004793289394846 0.2132701421800948 0.09047333732774117
0 0.3597946287519747 0.13690832834032354 0.21248025276461296 0.03774715398442181
0 0.35110584518167454 0.24565608148591972 0.22985781990521326 0.0994607549430797
0 0.20537124802527645 0.3061713600958658 0.2116903633491311 0.07070101857399641
0 0.19312796208530805 0.3987417615338526 0.11453396524486571 0.11443978430197724
0 0.36216429699842023 0.39304973037747154 0.1872037914691943 0.1030557219892151
0 0.7116903633491312 0.1542840023966447 0.18799368088467613 0.11443978430197724
0 0.6165086887835702 0.25883762732174953 0.18088467614533965 0.08388256440982625
0 0.7981832543443917 0.2555422408627921 0.21721958925750395 0.11204313960455363
