0 0.2456556082148499 0.11773517076093469 0.12006319115323855 0.0665068903535051
0 0.4447077409162717 0.12432594367884961 0.11374407582938388 0.06291192330736968
0 0.6761453396524486 0.12462552426602756 0.1579778830963665 0.08388256440982625
0 0.2527646129541864 0.19442780107849011 0.0679304897314376 0.06411024565608149
0 0.6785150078988942 0.28999400838825645 0.1943127962085308 0.09107249850209706
0 0.3570300157977883 0.2932893948472139 0.12164296998420221 0.08927501497902936
0 0.6729857819905213 0.42780107849011384 0.1943127962085308 0.08747753145596165
0 0.35308056872037913 0.43499101258238465 0.12164296998420221 0.08508088675853805
0 0.4873617693522907 0.457159976033553 0.11058451816745656 0.03235470341521869
0 0.21642969984202212 0.6117435590173756 0.07109004739336493 0.0683043738765728
0 0.30963665086887837 0.6150389454763332 0.08214849921011058 0.03175554224086279
0 0.48775671406003157 0.6138406231276213 0.09083728278041074 0.07489514679448772
0 0.6552132701421801 0.6165368484122229 0.08451816745655608 0.0683043738765728
0 0.7634281200631912 0.6426003594967046 0.1018957345971564 0.05452366686638706
0 0.542654028436019 0.7237866986219293 0.10426540284360189 0.07908927501497903
0 0.6682464454976303 0.7387657279808268 0.09636650868878358 0.029958058717795086
0 0.3313586097946287 0.7171959257040144 0.146129541864139 0.0695026962252846
0 0.5300157977883097 0.19442780107849011 0.0947867298578199 0.08328340323547034
0 0.3815165876777251 0.18873576992210905 0.08372827804107424 0.0347513481126423
0 0.4960505529225908 0.31725584182145 0.10426540284360189 0.03055721989215099
