0 0.49881516587677727 0.12612342720191733 0.14770932069510267 0.08088675853804674
0 0.3167456556082148 0.2762133013780707 0.10900473933649289 0.05512282804074296
0 0.46998420221169035 0.27561414020371483 0.07266982622432859 0.035949670461354104
0 0.3179304897314376 0.3526063511084482 0.10821484992101106 0.05811863391252247
0 0.4711690363349131 0.35410425404433793 0.06872037914691943 0.07070101857399641
0 0.3183254344391785 0.4245056920311564 0.08214849921011058 0.04973037747153985
0 0.46919431279620855 0.4224086279209107 0.07109004739336493 0.033553025763930495
0 0.31714060031595576 0.5041941282204914 0.08293838862559241 0.048532055122828044
0 0.4695892575039494 0.5032953864589574 0.06872037914691943 0.06710605152786099
0 0.3179304897314376 0.5889754343918514 0.0971563981042654 0.05392450569203116
0 0.46919431279620855 0.5883762732174955 0.07424960505529225 0.035949670461354104
0 0.31714060031595576 0.6746554823247454 0.09557661927330173 0.05392450569203116
0 0.4711690363349131 0.6743559017375674 0.06714060031595577 0.06890353505092871
0 0.3179304897314376 0.7696225284601558 0.0971563981042654 0.05572198921509886
0 0.471563981042654 0.7693229478729778 0.06635071090047394 0.08148591971240264
0 0.3183254344391785 0.865787896944278 0.08214849921011058 0.04793289394847214
0 0.46998420221169035 0.8642899940083882 0.07266982622432859 0.0341521869382864
