0 0.27093206951026855 0.12162971839424805 0.05055292259083728 0.05152786099460755
0 0.34834123222748814 0.12402636309167166 0.042654028436018954 0.04913121629718394
0 0.5165876777251185 0.1171360095865788 0.08372827804107424 0.06411024565608149
0 0.6196682464454977 0.12702216896345117 0.05924170616113744 0.029958058717795086
0 0.29660347551342814 0.23636908328340325 0.11927330173775672 0.08208508088675855
0 0.40639810426540285 0.21449970041941283 0.06398104265402843 0.03115638106650689
0 0.5248815165876777 0.23576992210904735 0.15876777251184834 0.08208508088675855
0 0.30963665086887837 0.3618933493109647 0.1484992101105845 0.08508088675853805
0 0.4664296998420221 0.35110844817255843 0.11137440758293839 0.035949670461354104
0 0.6516587677725119 0.3630916716596765 0.2306477093206951 0.08268424206111444
0 0.2705371248025276 0.543139604553625 0.04976303317535545 0.04733373277411624
0 0.37756714060031593 0.5377471539844219 0.07740916271721959 0.03055721989215099
0 0.5312006319115323 0.5452366686638705 0.07503949447077408 0.06231276213301378
0 0.6567930489731437 0.543139604553625 0.08135860979462875 0.029358897543439184
0 0.3590047393364929 0.6372079089275016 0.0971563981042654 0.06530856800479329
0 0.5560821484992101 0.6381066506890354 0.0947867298578199 0.0659077291791492
0 0.3499210110584518 0.7423606950269622 0.11848341232227488 0.06351108448172559
0 0.466824644549763 0.7459556620730977 0.07109004739336493 0.026363091671659677
0 0.631911532385466 0.7414619532654284 0.15639810426540285 0.06291192330736968
0 0.36611374407582936 0.8490113840623128 0.14454976303317535 0.06470940683043738
0 0.641785150078989 0.8529059316956261 0.2235387045813586 0.07609346914319952
