0 0.23380726698262244 0.1318154583582984 0.13270142180094788 0.08627920910724986
0 0.41113744075829384 0.12762133013780708 0.13033175355450236 0.08627920910724986
0 0.5872827804107424 0.1288196524865189 0.12717219589257503 0.08388256440982625
0 0.759083728278041 0.140203714799281 0.12796208530805686 0.11144397843019772
0 0.41192733017377564 0.2546434991012582 0.15402843601895735 0.1030557219892151
0 0.24644549763033174 0.26333133612941884 0.11058451816745656 0.11803475134811264
0 0.5912322274881516 0.2579388855602157 0.13033175355450236 0.10964649490713002
0 0.7610584518167457 0.2956860395446375 0.1240126382306477 0.10724985020970641
0 0.42496050552922593 0.38885560215698023 0.12796208530805686 0.10665068903535051
0 0.2578988941548183 0.3957459556620731 0.16192733017377567 0.08807669263031756
0 0.7610584518167457 0.6482923906530857 0.1240126382306477 0.11024565608148593
0 0.5975513428120063 0.6414020371479928 0.12085308056872038 0.08927501497902936
0 0.4166666666666667 0.6396045536249251 0.12243285939968404 0.08568004793289395
0 0.2334123222748815 0.6437986818454164 0.11769352290679305 0.08568004793289395
0 0.6101895734597156 0.7750149790293589 0.1287519747235387 0.09047333732774117
0 0.4158767772511848 0.7762133013780708 0.17298578199052134 0.09047333732774117
0 0.25118483412322273 0.774415817855003 0.15639810426540285 0.08927501497902936
