0 0.2835703001579779 0.09466746554823248 0.20853080568720378 0.07549430796884363
0 0.11966824644549763 0.21869382863990414 0.07345971563981042 0.06710605152786099
0 0.1725908372827804 0.22588376273217495 0.054502369668246446 0.029958058717795086
0 0.27764612954186413 0.22348711803475135 0.11769352290679305 0.0683043738765728
0 0.4095576619273302 0.2243858597962852 0.12243285939968404 0.0677052127022169
0 0.2863349131121643 0.31066506890353507 0.07977883096366509 0.059316956261234274
0 0.4036334913112164 0.31066506890353507 0.08056872037914692 0.06291192330736968
0 0.26619273301737756 0.39035350509287 0.11058451816745656 0.06291192330736968
0 0.21406003159557663 0.46135410425404433 0.1674565560821485 0.05871779508687837
0 0.40047393364928907 0.46075494307968845 0.1769352290679305 0.05991611743559017
0 0.3858609794628752 0.3915518274415818 0.12085308056872038 0.06411024565608149
