0 0.5007898894154819 0.13001797483523067 0.15007898894154817 0.08867585380467347
0 0.4853870458135861 0.24895146794487719 0.08135860979462875 0.035350509286998205
0 0.4861769352290679 0.2944877171959257 0.08293838862559241 0.03654883163571001
0 0.48657187993680884 0.3756740563211504 0.08372827804107424 0.03834631515877771
0 0.4861769352290679 0.4227082085080887 0.08767772511848342 0.03894547633313361
0 0.49644549763033174 0.47004194128220494 0.1066350710900474 0.040143798681845415
0 0.4834123222748815 0.5251647693229479 0.07740916271721959 0.03774715398442181
0 0.4660347551342812 0.5754943079688436 0.042654028436018954 0.028160575194727384
0 0.4640600315955766 0.6521869382863991 0.038704581358609796 0.03175554224086279
0 0.47235387045813587 0.8001797483523068 0.06003159557661927 0.04134212103055722
0 0.47511848341232227 0.7522468544038347 0.06240126382306477 0.04134212103055722
0 0.4759083728278041 0.6965248651887358 0.06398104265402843 0.040143798681845415
