0 0.28751974723538704 0.13211503894547633 0.07424960505529225 0.04493708807669263
0 0.4687993680884676 0.13271420011983223 0.11611374407582938 0.04134212103055722
0 0.2871248025276461 0.1824445775913721 0.07977883096366509 0.048532055122828044
0 0.4684044233807267 0.18214499700419412 0.11848341232227488 0.04074295985620132
0 0.28672985781990523 0.23067705212702216 0.07740916271721959 0.04074295985620132
0 0.46800947867298576 0.23127621330137807 0.11611374407582938 0.041941282204913125
0 0.2871248025276461 0.27950868783702815 0.07661927330173776 0.048532055122828044
0 0.46800947867298576 0.27860994607549433 0.11611374407582938 0.041941282204913125
0 0.28751974723538704 0.3283403235470342 0.07109004739336493 0.04433792690233673
0 0.46721958925750395 0.3286399041342121 0.10821484992101106 0.040143798681845415
0 0.2871248025276461 0.37717195925704017 0.07977883096366509 0.048532055122828044
0 0.4684044233807267 0.37687237866986223 0.10426540284360189 0.041941282204913125
0 0.2863349131121643 0.42600359496704615 0.07819905213270142 0.041941282204913125
0 0.4687993680884676 0.42600359496704615 0.10505529225908372 0.04074295985620132
0 0.28751974723538704 0.4745356500898742 0.07582938388625593 0.04913121629718394
0 0.4695892575039494 0.47483523067705213 0.1066350710900474 0.04134212103055722
0 0.28672985781990523 0.5371479928100659 0.07266982622432859 0.046135410425404436
0 0.46919431279620855 0.5368484122228879 0.0995260663507109 0.0695026962252846
0 0.28751974723538704 0.610245656081486 0.07740916271721959 0.04973037747153985
0 0.4687993680884676 0.6105452366686639 0.10031595576619273 0.0695026962252846
