0 0.28515007898894157 0.25644098262432596 0.35545023696682465 0.1366087477531456
0 0.283175355450237 0.4724385859796285 0.34360189573459715 0.14439784301977232
0 0.18285939968404424 0.6734571599760336 0.1018957345971564 0.05871779508687837
0 0.29936808846761453 0.6755542240862792 0.10110584518167456 0.056920311563810666
0 0.415086887835703 0.676752546434991 0.11769352290679305 0.06171360095865788
0 0.5315955766192733 0.67106051527861 0.0995260663507109 0.06111443978430198
0 0.2401263823064771 0.7486518873576993 0.09636650868878358 0.048532055122828044
0 0.3546603475513428 0.7513481126423008 0.09636650868878358 0.04913121629718394
0 0.46919431279620855 0.7453565008987417 0.08846761453396525 0.04433792690233673
0 0.5351500789889415 0.8379269023367286 0.11137440758293839 0.05572198921509886
0 0.4364139020537125 0.8271420011983224 0.08293838862559241 0.03654883163571001
0 0.3451816745655608 0.8334331935290593 0.09162717219589257 0.046734571599760334
0 0.25039494470774093 0.8292390653085681 0.09004739336492891 0.03834631515877771
0 0.15205371248025276 0.8340323547034152 0.10347551342812006 0.04313960455362493
