0 0.174565560821485 0.11174355901737568 0.13744075829383887 0.05572198921509886
0 0.17614533965244866 0.21599760335530258 0.13744075829383887 0.06411024565608149
0 0.38507109004739337 0.21929298981426004 0.14928909952606634 0.06231276213301378
0 0.38467614533965244 0.33882564409826244 0.1484992101105845 0.0713001797483523
0 0.26816745655608215 0.45835829838226483 0.07661927330173776 0.035949670461354104
0 0.1409952606635071 0.530257639304973 0.11295418641390205 0.05392450569203116
0 0.31714060031595576 0.53654883163571 0.14454976303317535 0.04134212103055722
0 0.1844391785150079 0.6333133612941881 0.18088467614533965 0.0683043738765728
0 0.4028436018957346 0.6357100059916118 0.1721958925750395 0.05991611743559017
0 0.38941548183254343 0.7480527261833433 0.1848341232227488 0.06411024565608149
