0 0.2796208530805687 0.12552426602756142 0.12164296998420221 0.09406830437387657
0 0.4253554502369668 0.12492510485320552 0.12085308056872038 0.07968843618933494
0 0.6153238546603476 0.12372678250449372 0.10900473933649289 0.08208508088675855
0 0.7559241706161137 0.1195326542840024 0.06003159557661927 0.05092869982025165
0 0.2685624012638231 0.24865188735769922 0.11058451816745656 0.08987417615338526
0 0.4585308056872038 0.2516476932294787 0.15560821484992102 0.08987417615338526
0 0.5750394944707741 0.24805272618334331 0.04739336492890995 0.0683043738765728
0 0.7093206951026856 0.2627321749550629 0.1579778830963665 0.11803475134811264
0 0.3285939968404423 0.4161174355901738 0.15639810426540285 0.08807669263031756
0 0.4451026856240126 0.4170161773517076 0.04660347551342812 0.0695026962252846
0 0.6003159557661927 0.4298981426003595 0.15323854660347552 0.11803475134811264
0 0.7444707740916272 0.4313960455362493 0.11137440758293839 0.11264230077890953
