0 0.19075829383886256 0.12911923307369683 0.17298578199052134 0.07369682444577591
0 0.4707740916271722 0.1348112642300779 0.30173775671406 0.09346914319952067
0 0.7835703001579779 0.11264230077890953 0.22432859399684044 0.1006590772917915
0 0.2381516587677725 0.2708208508088676 0.23459715639810427 0.10904733373277412
0 0.518562401263823 0.27471539844218096 0.21721958925750395 0.0677052127022169
0 0.7930489731437599 0.2609346914319952 0.1895734597156398 0.06291192330736968
0 0.1915481832543444 0.4475733972438586 0.21090047393364927 0.14499700419412823
0 0.39454976303317535 0.4439784301977232 0.17614533965244866 0.12822049131216298
0 0.6003159557661927 0.4418813660874775 0.2037914691943128 0.13001797483523067
0 0.8151658767772512 0.44248052726183346 0.21011058451816744 0.13121629718394248
