0 0.49842022116903634 0.11923307369682445 0.15323854660347552 0.0659077291791492
0 0.3029225908372828 0.23127621330137807 0.06872037914691943 0.041941282204913125
0 0.3029225908372828 0.27651288196524865 0.0703001579778831 0.04493708807669263
0 0.4703791469194313 0.23067705212702216 0.10031595576619273 0.03714799281006591
0 0.46998420221169035 0.27591372079089277 0.10110584518167456 0.035350509286998205
0 0.30252764612954186 0.3334331935290593 0.07109004739336493 0.040143798681845415
0 0.471563981042654 0.3331336129418814 0.10110584518167456 0.0347513481126423
0 0.3029225908372828 0.408627920910725 0.06714060031595577 0.04074295985620132
0 0.4703791469194313 0.408627920910725 0.10505529225908372 0.06470940683043738
0 0.3033175355450237 0.49550629119233075 0.07109004739336493 0.04553624925104853
0 0.4707740916271722 0.49550629119233075 0.10426540284360189 0.0659077291791492
0 0.3029225908372828 0.572798082684242 0.0703001579778831 0.039544637507489516
0 0.4703791469194313 0.5724985020970641 0.10821484992101106 0.06530856800479329
0 0.3029225908372828 0.6497902935889754 0.06714060031595577 0.04134212103055722
0 0.4711690363349131 0.6494907130017975 0.10505529225908372 0.07669263031755542
0 0.3033175355450237 0.732174955062912 0.07109004739336493 0.04553624925104853
0 0.4703791469194313 0.732174955062912 0.10505529225908372 0.07549430796884363
0 0.3037124802527646 0.8103654883163571 0.07187993680884676 0.040143798681845415
0 0.47195892575039494 0.8106650689035351 0.1066350710900474 0.07549430796884363
0 0.3029225908372828 0.8888556021569802 0.0703001579778831 0.046135410425404436
0 0.46998420221169035 0.8891551827441582 0.10584518167456555 0.07549430796884363
