0 0.17812006319115323 0.11563810665068903 0.14928909952606634 0.046734571599760334
0 0.3815165876777251 0.11234272019173158 0.12164296998420221 0.04973037747153985
0 0.1820695102685624 0.23457159976033554 0.14928909952606634 0.06171360095865788
0 0.3712480252764613 0.23576992210904735 0.18799368088467613 0.06890353505092871
0 0.5932069510268563 0.11683642899940085 0.11532385466034754 0.04793289394847214
0 0.7571090047393365 0.11623726782504494 0.14770932069510267 0.06111443978430198
0 0.6054502369668247 0.19562612342720193 0.15086887835703 0.07369682444577591
0 0.8250394944707741 0.20041941282204914 0.15086887835703 0.0701018573996405
0 0.6161137440758294 0.3121629718394248 0.1484992101105845 0.0695026962252846
0 0.8274091627172195 0.30826842420611145 0.15086887835703 0.0701018573996405
0 0.7018167456556083 0.4104254044337927 0.14770932069510267 0.07189934092270821
