0 0.11571879936808846 0.13571000599161176 0.0655608214849921 0.04493708807669263
0 0.26421800947867297 0.1354104254044338 0.11453396524486571 0.0994607549430797
0 0.42614533965244866 0.13511084481725585 0.11769352290679305 0.10005991611743559
0 0.6544233807266983 0.1012582384661474 0.09873617693522907 0.03714799281006591
0 0.8139810426540284 0.1018573996405033 0.10505529225908372 0.03714799281006591
0 0.6074249605055292 0.16536848412222888 0.08214849921011058 0.04074295985620132
0 0.7278830963665087 0.16476932294787297 0.07819905213270142 0.04793289394847214
0 0.8447867298578199 0.16566806470940684 0.0703001579778831 0.04373876572798083
0 0.5932069510268563 0.23037747153984423 0.0995260663507109 0.05092869982025165
0 0.7298578199052133 0.23127621330137807 0.09794628751974724 0.04553624925104853
0 0.8641390205371248 0.22977831036548832 0.09636650868878358 0.048532055122828044
0 0.6469194312796208 0.298681845416417 0.10268562401263823 0.04493708807669263
0 0.8001579778830964 0.2983822648292391 0.09636650868878358 0.04553624925104853
0 0.37796208530805686 0.29119233073696826 0.1066350710900474 0.05632115038945477
0 0.12717219589257503 0.2914919113241462 0.07266982622432859 0.03774715398442181
0 0.13428120063191154 0.3633912522468544 0.09636650868878358 0.040143798681845415
0 0.28080568720379145 0.3621929298981426 0.09873617693522907 0.03894547633313361
0 0.42851500789889413 0.3615937687237867 0.11137440758293839 0.03654883163571001
0 0.2539494470774092 0.46345116836429 0.174565560821485 0.13121629718394248
