0 0.5003949447077409 0.1366087477531456 0.1287519747235387 0.08148591971240264
0 0.4052132701421801 0.2579388855602157 0.036334913112164295 0.03055721989215099
0 0.325434439178515 0.2585380467345716 0.053712480252764615 0.025763930497303775
0 0.3278041074249605 0.29598562013181545 0.05845181674565561 0.022768124625524265
0 0.32385466034755134 0.329239065308568 0.052132701421800945 0.022168963451168366
0 0.3281990521327014 0.3639904134212103 0.052922590837282776 0.018573996405032954
0 0.3278041074249605 0.4017375674056321 0.04107424960505529 0.022168963451168366
0 0.32503949447077407 0.4376872378669862 0.04660347551342812 0.01737567405632115
0 0.3183254344391785 0.47393648891551826 0.053712480252764615 0.02037147992810066
0 0.4032385466034755 0.29418813660874776 0.0339652448657188 0.03115638106650689
0 0.4052132701421801 0.32893948472139006 0.02843601895734597 0.029958058717795086
0 0.40442338072669826 0.3639904134212103 0.03475513428120063 0.029358897543439184
0 0.4048183254344392 0.40023966446974235 0.026066350710900472 0.033553025763930495
0 0.4032385466034755 0.4358897543439185 0.0339652448657188 0.03055721989215099
0 0.405608214849921 0.4724385859796285 0.03712480252764613 0.03055721989215099
0 0.4052132701421801 0.5086878370281606 0.03949447077409163 0.03115638106650689
0 0.325434439178515 0.5089874176153385 0.05055292259083728 0.023367285799880167
0 0.4040284360189573 0.543139604553625 0.04660347551342812 0.029358897543439184
0 0.325434439178515 0.5455362492510486 0.05055292259083728 0.023367285799880167
0 0.32424960505529227 0.5805871779508688 0.05134281200631911 0.022768124625524265
0 0.4048183254344392 0.5805871779508688 0.05134281200631911 0.029958058717795086
0 0.405608214849921 0.6156381066506891 0.06240126382306477 0.03055721989215099
0 0.3222748815165877 0.6183343319352906 0.04897314375987362 0.022768124625524265
0 0.4075829383886256 0.6545835829838227 0.02843601895734597 0.046135410425404436
0 0.32385466034755134 0.6557819053325344 0.05529225908372828 0.022168963451168366
0 0.4075829383886256 0.6989215098861594 0.02843601895734597 0.04254044337926902
0 0.3230647709320695 0.6974236069502696 0.05529225908372828 0.025164769322947873
0 0.40442338072669826 0.7420611144397843 0.026856240126382307 0.04134212103055722
0 0.32424960505529227 0.7405632115038946 0.05608214849921011 0.022768124625524265
0 0.32503949447077407 0.7840023966446974 0.04344391785150079 0.018573996405032954
0 0.4040284360189573 0.7849011384062313 0.030805687203791468 0.04433792690233673
0 0.4028436018957346 0.8277411623726783 0.03317535545023697 0.04134212103055722
0 0.32109004739336494 0.8286399041342121 0.05134281200631911 0.02037147992810066
0 0.3226698262243286 0.8699820251647693 0.052922590837282776 0.026363091671659677
0 0.4036334913112164 0.8726782504493709 0.03317535545023697 0.04373876572798083
0 0.32385466034755134 0.9125224685440384 0.052132701421800945 0.022768124625524265
0 0.4032385466034755 0.91521869382864 0.03238546603475513 0.04134212103055722
