0 0.2531595576619273 0.0859796285200719 0.11611374407582938 0.04493708807669263
0 0.38507109004739337 0.08508088675853805 0.0971563981042654 0.03834631515877771
0 0.7128751974723538 0.08148591971240264 0.1287519747235387 0.041941282204913125
0 0.55173775671406 0.08837627321749551 0.11453396524486571 0.019772318753744758
0 0.415086887835703 0.16027561414020372 0.0971563981042654 0.029358897543439184
0 0.2575039494470774 0.16297183942480528 0.0995260663507109 0.02396644697423607
0 0.5703001579778831 0.1542840023966447 0.12164296998420221 0.04733373277411624
0 0.7338072669826224 0.1518873576992211 0.1358609794628752 0.056920311563810666
0 0.24684044233807267 0.25883762732174953 0.09873617693522907 0.05032953864589575
0 0.42377567140600314 0.2585380467345716 0.2519747235387046 0.0665068903535051
0 0.6828593996840442 0.2636309167165968 0.26303317535545023 0.05152786099460755
0 0.30924170616113744 0.35110844817255843 0.146129541864139 0.05392450569203116
0 0.48183254344391785 0.35739964050329537 0.14691943127962084 0.07489514679448772
0 0.6800947867298578 0.35140802875973637 0.15481832543443919 0.056920311563810666
