0 0.4980252764612954 0.5197723187537447 0.21406003159557663 0.07609346914319952
0 0.22511848341232227 0.6881366087477532 0.10110584518167456 0.04973037747153985
0 0.5027646129541864 0.12282804074295986 0.20774091627172195 0.07429598562013182
0 0.4000789889415482 0.2067106051527861 0.0655608214849921 0.021569802276812464
0 0.3988941548183254 0.23097663271420013 0.07109004739336493 0.02696225284601558
0 0.3988941548183254 0.2615338526063511 0.10110584518167456 0.03055721989215099
0 0.39968404423380727 0.28789694427801077 0.06635071090047394 0.022168963451168366
0 0.39968404423380727 0.310964649490713 0.06635071090047394 0.02396644697423607
0 0.39928909952606634 0.33582983822648294 0.0655608214849921 0.02456560814859197
0 0.4000789889415482 0.3591971240263631 0.0655608214849921 0.023367285799880167
0 0.40047393364928907 0.3834631515877771 0.06635071090047394 0.02396644697423607
0 0.40047393364928907 0.4074295985620132 0.06635071090047394 0.025164769322947873
0 0.38467614533965244 0.6905332534451768 0.13270142180094788 0.04733373277411624
0 0.5778041074249605 0.6935290593169563 0.1334913112164297 0.05452366686638706
0 0.7543443917851501 0.6929298981426004 0.13428120063191154 0.053325344517675254
