0 0.5 0.10605152786099462 0.11532385466034754 0.04913121629718394
0 0.24131121642969983 0.17225883762732175 0.045023696682464455 0.02696225284601558
0 0.6078199052132701 0.17285799880167765 0.05766192733017377 0.03055721989215099
0 0.24131121642969983 0.2127022168963451 0.04186413902053712 0.026363091671659677
0 0.6074249605055292 0.21120431396045536 0.06003159557661927 0.029358897543439184
0 0.24091627172195892 0.25284601557819053 0.037914691943127965 0.02396644697423607
0 0.608214849921011 0.25284601557819053 0.053712480252764615 0.03115638106650689
0 0.24091627172195892 0.2908927501497903 0.04107424960505529 0.025763930497303775
0 0.6070300157977883 0.29059316956261233 0.060821484992101105 0.026363091671659677
0 0.6074249605055292 0.33373277411623725 0.05845181674565561 0.029958058717795086
0 0.24131121642969983 0.3334331935290593 0.04186413902053712 0.04134212103055722
0 0.24210110584518166 0.38376273217495505 0.054502369668246446 0.040143798681845415
0 0.6066350710900474 0.38945476333133616 0.05529225908372828 0.03834631515877771
