0 0.4976303317535545 0.11773517076093469 0.1674565560821485 0.0713001797483523
0 0.26540284360189575 0.21360095865787898 0.15007898894154817 0.05452366686638706
0 0.25552922590837285 0.2678250449370881 0.14454976303317535 0.04553624925104853
0 0.6607424960505529 0.21300179748352308 0.1240126382306477 0.06171360095865788
0 0.6433649289099526 0.2720191731575794 0.12717219589257503 0.05152786099460755
0 0.24684044233807267 0.32983822648292394 0.146129541864139 0.04493708807669263
0 0.6500789889415481 0.32774116237267825 0.14533965244865718 0.04793289394847214
0 0.24644549763033174 0.37986818454164173 0.13902053712480253 0.052726183343319355
0 0.24289099526066352 0.4304973037747154 0.13191153238546605 0.046135410425404436
0 0.6492890995260664 0.37956860395446373 0.14375987361769352 0.04733373277411624
0 0.6378357030015798 0.4334931096464949 0.1429699842022117 0.06291192330736968
0 0.6500789889415481 0.49670461354104256 0.15955766192733017 0.04433792690233673
0 0.6583728278041074 0.5503295386458957 0.13981042654028436 0.04493708807669263
0 0.6718009478672986 0.597363690832834 0.15876777251184834 0.05632115038945477
0 0.24881516587677724 0.604254044337927 0.13902053712480253 0.04254044337926902
0 0.24842022116903634 0.5395446375074895 0.1429699842022117 0.04493708807669263
0 0.2551342812006319 0.4727381665668065 0.15165876777251186 0.05871779508687837
