0 0.19115323854660346 0.10635110844817255 0.18009478672985782 0.07249850209706411
0 0.36058451816745657 0.09856201318154584 0.1066350710900474 0.048532055122828044
0 0.5679304897314376 0.10155781905332535 0.27804107424960506 0.07849011384062313
0 0.8060821484992101 0.09826243259436789 0.15402843601895735 0.05632115038945477
0 0.18246445497630331 0.21150389454763333 0.16113744075829384 0.08987417615338526
0 0.34913112164297 0.2049131216297184 0.11532385466034754 0.05751947273816657
0 0.4822274881516588 0.20940683043738767 0.11611374407582938 0.07729179149191133
0 0.6240126382306477 0.20730976632714201 0.11374407582938388 0.0683043738765728
0 0.8096366508688784 0.2067106051527861 0.15955766192733017 0.06231276213301378
0 0.1844391785150079 0.3316357100059916 0.165086887835703 0.059316956261234274
0 0.3428120063191153 0.3331336129418814 0.11216429699842022 0.05512282804074296
0 0.5627962085308057 0.3280407429598562 0.31516587677725116 0.11084481725584182
0 0.8195102685624013 0.3262432594367885 0.15560821484992102 0.06411024565608149
