0 0.2282780410742496 0.12402636309167166 0.09320695102685624 0.04074295985620132
0 0.21919431279620852 0.16476932294787297 0.14139020537124802 0.025164769322947873
0 0.31911532385466035 0.1695626123427202 0.06003159557661927 0.03834631515877771
0 0.4616903633491311 0.16896345116836428 0.1287519747235387 0.02756141402037148
0 0.7397314375987362 0.1012582384661474 0.23933649289099526 0.03714799281006591
0 0.6571879936808847 0.15338526063511085 0.053712480252764615 0.019173157579388856
0 0.16390205371248026 0.225584182144997 0.12085308056872038 0.02696225284601558
0 0.7567140600315956 0.22528460155781907 0.2938388625592417 0.08028759736369083
0 0.669431279620853 0.2855002995805872 0.08451816745655608 0.028160575194727384
0 0.6026856240126383 0.5296584781306172 0.25908372827804105 0.17735170760934693
0 0.45537124802527645 0.5470341521869383 0.07345971563981042 0.019173157579388856
0 0.14533965244865718 0.6902336728579989 0.11690363349131122 0.08867585380467347
0 0.23459715639810427 0.6836428999400839 0.04107424960505529 0.03834631515877771
0 0.3740126382306477 0.6923307369682444 0.17298578199052134 0.12282804074295986
0 0.5493680884676145 0.8085680047932894 0.09873617693522907 0.040143798681845415
