0 0.2685624012638231 0.11354104254044338 0.09162717219589257 0.08927501497902936
0 0.4214060031595577 0.11414020371479928 0.11453396524486571 0.09047333732774117
0 0.5497630331753555 0.11803475134811264 0.11374407582938388 0.1006590772917915
0 0.7041864139020537 0.11234272019173158 0.13665086887835703 0.10005991611743559
0 0.6891785150078988 0.23816656680647094 0.20616113744075829 0.07968843618933494
0 0.5150078988941548 0.23756740563211504 0.11690363349131122 0.08328340323547034
0 0.3902053712480253 0.2360695026962253 0.11058451816745656 0.07789095266626722
0 0.2697472353870458 0.23636908328340325 0.11927330173775672 0.07849011384062313
0 0.6868088467614534 0.445176752546435 0.11611374407582938 0.08627920910724986
0 0.561216429699842 0.43918514080287596 0.11769352290679305 0.09346914319952067
0 0.4300947867298578 0.4397843019772319 0.1066350710900474 0.09227082085080887
0 0.28870458135860977 0.5029958058717795 0.11769352290679305 0.08807669263031756
0 0.6895734597156398 0.5659077291791492 0.12796208530805686 0.08448172558418214
0 0.4296998420221169 0.5680047932893949 0.11216429699842022 0.08867585380467347
0 0.30015797788309634 0.6953265428400239 0.11690363349131122 0.1012582384661474
0 0.4466824644549763 0.7064110245656081 0.1429699842022117 0.07070101857399641
0 0.5414691943127962 0.7052127022168964 0.16350710900473933 0.07908927501497903
0 0.684044233807267 0.7079089275014979 0.11058451816745656 0.07369682444577591
