0 0.16785150078988942 0.10035949670461354 0.15718799368088468 0.08088675853804674
0 0.4028436018957346 0.09676452965847814 0.17377567140600317 0.0713001797483523
0 0.17614533965244866 0.2201917315757939 0.16429699842022116 0.07849011384062313
0 0.16982622432859398 0.3238466147393649 0.18009478672985782 0.0713001797483523
0 0.38783570300157977 0.21360095865787898 0.17377567140600317 0.0713001797483523
0 0.396129541864139 0.32354703415218694 0.16666666666666666 0.07189934092270821
0 0.6394154818325435 0.09047333732774117 0.17298578199052134 0.052726183343319355
0 0.8242496050552922 0.07878969442780108 0.1240126382306477 0.03774715398442181
0 0.8337282780410742 0.1171360095865788 0.1018957345971564 0.03894547633313361
0 0.6587677725118484 0.16626722588376275 0.23380726698262244 0.056920311563810666
0 0.6378357030015798 0.25014979029358897 0.17772511848341233 0.05572198921509886
0 0.8289889415481833 0.23876572798082685 0.12243285939968404 0.04134212103055722
0 0.840047393364929 0.2708208508088676 0.09873617693522907 0.03714799281006591
0 0.6157187993680885 0.3334331935290593 0.15402843601895735 0.05452366686638706
0 0.8155608214849921 0.32474535650089875 0.12559241706161137 0.04553624925104853
0 0.8203001579778831 0.3639904134212103 0.09399684044233807 0.04134212103055722
0 0.7160347551342812 0.4263031755542241 0.24723538704581358 0.08807669263031756
0 0.7243285939968405 0.49970041941282206 0.21484992101105846 0.07789095266626722
