0 0.7128751974723538 0.11354104254044338 0.1287519747235387 0.05811863391252247
0 0.5513428120063191 0.11384062312762133 0.11374407582938388 0.05871779508687837
0 0.39454976303317535 0.11144397843019772 0.10821484992101106 0.05392450569203116
0 0.2551342812006319 0.1165368484122229 0.10110584518167456 0.04973037747153985
0 0.7223538704581358 0.20161773517076093 0.165086887835703 0.05811863391252247
0 0.7278830963665087 0.286399041342121 0.15876777251184834 0.05512282804074296
0 0.5296208530805687 0.28879568603954464 0.15718799368088468 0.05991611743559017
0 0.330173775671406 0.2884961054523667 0.1674565560821485 0.056920311563810666
0 0.3222748815165877 0.378370281605752 0.1579778830963665 0.053325344517675254
0 0.7673775671406003 0.5398442180946674 0.14454976303317535 0.06111443978430198
0 0.5766192733017378 0.5335530257639305 0.1263823064770932 0.056920311563810666
0 0.3977093206951027 0.5341521869382864 0.13981042654028436 0.05572198921509886
0 0.22077409162717218 0.5350509286998203 0.11769352290679305 0.05991611743559017
0 0.523696682464455 0.6267225883762733 0.16903633491311215 0.05991611743559017
0 0.30015797788309634 0.6264230077890953 0.16903633491311215 0.05572198921509886
