0 0.28001579778830965 0.12282804074295986 0.07503949447077408 0.041941282204913125
0 0.4324644549763033 0.13001797483523067 0.11453396524486571 0.05751947273816657
0 0.6390205371248026 0.1336129418813661 0.2259083728278041 0.09706411024565609
0 0.2650078988941548 0.28879568603954464 0.11611374407582938 0.04313960455362493
0 0.4660347551342812 0.28699820251647695 0.19115323854660346 0.052726183343319355
0 0.6978672985781991 0.2953864589574596 0.1919431279620853 0.1018573996405033
0 0.25236966824644547 0.44427801078490115 0.0971563981042654 0.06890353505092871
0 0.4466824644549763 0.4421809466746555 0.19352290679304898 0.05871779508687837
0 0.693522906793049 0.4622528460155782 0.19273301737756715 0.1024565608148592
0 0.3084518167456556 0.6186339125224686 0.146129541864139 0.10844817255841822
