0 0.429304897314376 0.6935290593169563 0.11295418641390205 0.040143798681845415
0 0.2740916271721959 0.6944278010784901 0.10268562401263823 0.04074295985620132
0 0.13033175355450236 0.6944278010784901 0.09320695102685624 0.04074295985620132
0 0.5651658767772512 0.7097064110245657 0.09873617693522907 0.05092869982025165
0 0.7152448657187993 0.7019173157579389 0.0924170616113744 0.06051527860994608
0 0.8633491311216429 0.7055122828040743 0.10426540284360189 0.06411024565608149
0 0.41390205371248023 0.8208508088675854 0.11058451816745656 0.05632115038945477
0 0.2796208530805687 0.8184541641701618 0.11216429699842022 0.04793289394847214
0 0.13546603475513427 0.8187537447573398 0.07977883096366509 0.04134212103055722
0 0.7136650868878357 0.8145596165368484 0.10347551342812006 0.06411024565608149
0 0.8672985781990521 0.8139604553624925 0.09794628751974724 0.06171360095865788
