0 0.1240126382306477 0.09286998202516478 0.08846761453396525 0.0695026962252846
0 0.22432859399684044 0.10994607549430797 0.11216429699842022 0.07249850209706411
0 0.38665086887835703 0.10035949670461354 0.2014218009478673 0.07609346914319952
0 0.17772511848341233 0.19982025164769324 0.1895734597156398 0.08687837028160575
0 0.3791469194312796 0.19442780107849011 0.1484992101105845 0.07849011384062313
0 0.608609794628752 0.09466746554823248 0.1966824644549763 0.0695026962252846
0 0.7989731437598736 0.09856201318154584 0.19036334913112163 0.06171360095865788
0 0.18404423380726698 0.3079688436189335 0.19747235387045814 0.08268424206111444
0 0.6117693522906793 0.17345715997603356 0.16982622432859398 0.06530856800479329
0 0.8052922590837283 0.1665668064709407 0.16824644549763032 0.05392450569203116
0 0.6066350710900474 0.2657279808268424 0.18641390205371247 0.07609346914319952
0 0.7950236966824644 0.21449970041941283 0.05766192733017377 0.035949670461354104
0 0.8748025276461295 0.21509886159376873 0.04818325434439179 0.03714799281006591
0 0.815955766192733 0.27351707609346915 0.20853080568720378 0.0701018573996405
0 0.37796208530805686 0.3867585380467346 0.18878357030015797 0.07968843618933494
0 0.18601895734597157 0.39604553624925104 0.20458135860979462 0.07549430796884363
