0 0.2693522906793049 0.12222887956860395 0.15007898894154817 0.08028759736369083
0 0.2859399684044234 0.18753744757339724 0.12006319115323855 0.03714799281006591
0 0.283175355450237 0.2330736968244458 0.11769352290679305 0.03834631515877771
0 0.28515007898894157 0.2801078490113841 0.11532385466034754 0.03774715398442181
0 0.28475513428120064 0.3244457759137208 0.12717219589257503 0.04373876572798083
0 0.28080568720379145 0.3702816057519473 0.12717219589257503 0.041941282204913125
0 0.28751974723538704 0.41461953265428403 0.09794628751974724 0.035949670461354104
0 0.2871248025276461 0.46255242660275614 0.0971563981042654 0.0347513481126423
0 0.28949447077409163 0.5065907729179149 0.0971563981042654 0.0341521869382864
0 0.29067930489731436 0.5515278609946076 0.09794628751974724 0.035350509286998205
0 0.2890995260663507 0.597663271420012 0.0947867298578199 0.03894547633313361
0 0.28988941548183256 0.6434991012582385 0.09320695102685624 0.039544637507489516
0 0.2989731437598736 0.6884361893349311 0.16824644549763032 0.04313960455362493
0 0.2989731437598736 0.7342720191731575 0.16824644549763032 0.04254044337926902
0 0.2930489731437599 0.786698621929299 0.16113744075829384 0.05751947273816657
