0 0.3886255924170616 0.1384062312762133 0.31911532385466035 0.04313960455362493
0 0.3787519747235387 0.19742360695026961 0.29462875197472355 0.0329538645895746
0 0.3767772511848341 0.2579388855602157 0.29067930489731436 0.0329538645895746
0 0.3669036334913112 0.3202516476932295 0.2693522906793049 0.0329538645895746
0 0.40639810426540285 0.3957459556620731 0.35150078988941547 0.056920311563810666
0 0.40244865718799366 0.4640503295386459 0.3499210110584518 0.056920311563810666
0 0.40047393364928907 0.5374475733972439 0.3428120063191153 0.0683043738765728
0 0.4075829383886256 0.6204313960455362 0.3570300157977883 0.0701018573996405
0 0.4052132701421801 0.6941282204913122 0.34913112164297 0.05212702216896345
0 0.4079778830963665 0.7564409826243259 0.3578199052132701 0.05212702216896345
0 0.40126382306477093 0.8196524865188736 0.34913112164297 0.05032953864589575
0 0.3933649289099526 0.8927501497902937 0.3285939968404423 0.07070101857399641
