0 0.240521327014218 0.16806470940683044 0.174565560821485 0.05092869982025165
0 0.4344391785150079 0.16626722588376275 0.1721958925750395 0.03654883163571001
0 0.589652448657188 0.16476932294787297 0.06872037914691943 0.02396644697423607
0 0.7531595576619273 0.17285799880167765 0.19036334913112163 0.05452366686638706
0 0.44352290679304895 0.2792091072498502 0.18404423380726698 0.08388256440982625
0 0.7144549763033176 0.2855002995805872 0.18562401263823064 0.09526662672258839
0 0.22669826224328593 0.27052127022168965 0.11690363349131122 0.08448172558418214
0 0.24881516587677724 0.3978430197723188 0.2037914691943128 0.09706411024565609
0 0.5063191153238547 0.4059316956261234 0.21484992101105846 0.08807669263031756
0 0.7511848341232228 0.41132414619532653 0.21484992101105846 0.07489514679448772
0 0.31398104265402843 0.5407429598562014 0.33886255924170616 0.12522468544038345
0 0.6741706161137441 0.542840023966447 0.3341232227488152 0.12342720191731577
0 0.3175355450236967 0.6839424805272618 0.33965244865718797 0.09886159376872379
0 0.6899684044233807 0.6797483523067706 0.3325434439178515 0.10365488316357101
