0 0.19036334913112163 0.11563810665068903 0.10742496050552923 0.046734571599760334
0 0.3127962085308057 0.12282804074295986 0.0679304897314376 0.039544637507489516
0 0.4786729857819905 0.11443978430197724 0.13428120063191154 0.05392450569203116
0 0.6990521327014217 0.11084481725584182 0.18641390205371247 0.05392450569203116
0 0.8056872037914692 0.21150389454763333 0.03949447077409163 0.06351108448172559
0 0.7203791469194313 0.21569802276812464 0.08056872037914692 0.052726183343319355
0 0.6145339652448657 0.2091072498502097 0.052132701421800945 0.07070101857399641
0 0.533175355450237 0.22109047333732776 0.044233807266982623 0.04913121629718394
0 0.8048973143759873 0.28879568603954464 0.06003159557661927 0.06470940683043738
0 0.7164296998420221 0.28879568603954464 0.06003159557661927 0.06231276213301378
0 0.6279620853080569 0.28999400838825645 0.05055292259083728 0.06710605152786099
0 0.5323854660347551 0.29119233073696826 0.07109004739336493 0.06710605152786099
0 0.8041074249605055 0.3762732174955063 0.06477093206951026 0.07429598562013182
0 0.7187993680884676 0.3750748951467945 0.045813586097946286 0.0695026962252846
0 0.6184834123222749 0.3672857998801678 0.053712480252764615 0.08268424206111444
0 0.5315955766192733 0.378070701018574 0.06635071090047394 0.0659077291791492
0 0.38783570300157977 0.3690832834032355 0.0631911532385466 0.08148591971240264
0 0.28515007898894157 0.3559017375674056 0.06003159557661927 0.05991611743559017
0 0.1721958925750395 0.3648891551827442 0.05845181674565561 0.05632115038945477
0 0.39257503949447076 0.21869382863990414 0.09794628751974724 0.07070101857399641
0 0.21642969984202212 0.2300778909526663 0.14691943127962084 0.05512282804074296
