0 0.18325434439178515 0.7052127022168964 0.12322274881516587 0.1330137807070102
0 0.3459715639810427 0.6959257040143799 0.13270142180094788 0.05452366686638706
0 0.5651658767772512 0.15158777711204313 0.07187993680884676 0.039544637507489516
0 0.674565560821485 0.14799281006590773 0.0947867298578199 0.05032953864589575
0 0.7934439178515008 0.14409826243259438 0.11295418641390205 0.046135410425404436
0 0.5880726698262243 0.21569802276812464 0.11769352290679305 0.052726183343319355
0 0.7187993680884676 0.21599760335530258 0.10426540284360189 0.05212702216896345
0 0.84913112164297 0.21569802276812464 0.11532385466034754 0.052726183343319355
0 0.6327014218009479 0.41372079089275016 0.11216429699842022 0.06171360095865788
0 0.7863349131121643 0.41252246854403835 0.11137440758293839 0.0665068903535051
0 0.632306477093207 0.5284601557819053 0.11769352290679305 0.06351108448172559
0 0.7843601895734597 0.5266626722588377 0.11690363349131122 0.05991611743559017
0 0.6425750394944708 0.6393049730377471 0.11453396524486571 0.05991611743559017
0 0.782780410742496 0.6402037147992811 0.11848341232227488 0.06171360095865788
0 0.5620063191153238 0.7447573397243858 0.06240126382306477 0.05871779508687837
0 0.8432069510268563 0.7459556620730977 0.12085308056872038 0.07789095266626722
0 0.3084518167456556 0.8789694427801079 0.13033175355450236 0.05632115038945477
0 0.4980252764612954 0.87866986219293 0.13033175355450236 0.053325344517675254
0 0.6943127962085308 0.8792690233672859 0.12322274881516587 0.05452366686638706
