0 0.278436018957346 0.12222887956860395 0.05924170616113744 0.06111443978430198
0 0.4095576619273302 0.121929298981426 0.08135860979462875 0.059316956261234274
0 0.5683254344391785 0.1207309766327142 0.08135860979462875 0.06291192330736968
0 0.7132701421800948 0.1189334931096465 0.07740916271721959 0.0713001797483523
0 0.25039494470774093 0.25823846614739365 0.1263823064770932 0.0683043738765728
0 0.4703791469194313 0.2579388855602157 0.12559241706161137 0.06890353505092871
0 0.31714060031595576 0.3208508088675854 0.06240126382306477 0.0341521869382864
0 0.235781990521327 0.3403235470341522 0.09873617693522907 0.04433792690233673
0 0.40837282780410744 0.3409227082085081 0.12796208530805686 0.06710605152786099
0 0.5789889415481833 0.3397243858597963 0.12796208530805686 0.06710605152786099
0 0.7468404423380727 0.3409227082085081 0.12559241706161137 0.06710605152786099
0 0.25118483412322273 0.4499700419412822 0.1263823064770932 0.06710605152786099
0 0.4703791469194313 0.4481725584182145 0.12717219589257503 0.0683043738765728
0 0.7503949447077409 0.45865787896944277 0.12796208530805686 0.0701018573996405
0 0.5627962085308057 0.6294188136608748 0.09083728278041074 0.03894547633313361
0 0.6635071090047393 0.6285200718993409 0.0631911532385466 0.04793289394847214
0 0.8329383886255924 0.6348112642300779 0.13507109004739337 0.059316956261234274
0 0.6536334913112164 0.7022168963451169 0.11769352290679305 0.05991611743559017
0 0.8570300157977883 0.7022168963451169 0.12006319115323855 0.06111443978430198
