0 0.1990521327014218 0.22288795686039545 0.13744075829383887 0.05512282804074296
0 0.39178515007898895 0.2142001198322349 0.15481832543443919 0.0701018573996405
0 0.2669826224328594 0.3310365488316357 0.1484992101105845 0.05092869982025165
0 0.1868088467614534 0.4835230677052127 0.0924170616113744 0.06351108448172559
0 0.5888625592417062 0.36369083283403236 0.1429699842022117 0.07908927501497903
0 0.782780410742496 0.3585979628520072 0.10742496050552923 0.09406830437387657
0 0.6196682464454977 0.5068903535050929 0.11453396524486571 0.09227082085080887
0 0.3522906793048973 0.48142600359496707 0.14375987361769352 0.08208508088675855
0 0.27764612954186413 0.6051527860994608 0.14139020537124802 0.08388256440982625
0 0.28870458135860977 0.7759137207908927 0.14139020537124802 0.08028759736369083
0 0.46248025276461296 0.7723187537447573 0.11611374407582938 0.09227082085080887
0 0.6619273301737757 0.7738166566806471 0.11690363349131122 0.09167165967645297
