0 0.1848341232227488 0.1366087477531456 0.14375987361769352 0.08028759736369083
0 0.38507109004739337 0.1360095865787897 0.1334913112164297 0.07908927501497903
0 0.6125592417061612 0.1360095865787897 0.14928909952606634 0.08028759736369083
0 0.8214849921011058 0.1366087477531456 0.14691943127962084 0.08148591971240264
0 0.6962875197472354 0.24715398442180947 0.035545023696682464 0.023367285799880167
0 0.6958925750394944 0.274415817855003 0.045813586097946286 0.016776512881965248
0 0.6962875197472354 0.3007789095266627 0.054502369668246446 0.022768124625524265
0 0.6962875197472354 0.33373277411623725 0.05134281200631911 0.025164769322947873
0 0.6966824644549763 0.36069502696225286 0.03475513428120063 0.015578190533253445
0 0.6951026856240127 0.3855602156980228 0.03317535545023697 0.014979029358897543
0 0.6954976303317535 0.4098262432594368 0.030805687203791468 0.016776512881965248
0 0.18404423380726698 0.5230677052127022 0.14691943127962084 0.08028759736369083
0 0.3823064770932069 0.524565608148592 0.14533965244865718 0.08208508088675855
