0 0.1409952606635071 0.1006590772917915 0.11295418641390205 0.04433792690233673
0 0.30055292259083727 0.1048532055122828 0.11137440758293839 0.05512282804074296
0 0.4439178515007899 0.07968843618933494 0.0631911532385466 0.033553025763930495
0 0.4439178515007899 0.12582384661473936 0.07898894154818326 0.03714799281006591
0 0.5576619273301737 0.09796285200718993 0.08056872037914692 0.019772318753744758
0 0.7330173775671406 0.09796285200718993 0.07898894154818326 0.020970641102456562
0 0.8791469194312796 0.09706411024565609 0.03949447077409163 0.013181545835829839
0 0.6488941548183255 0.16746554823247453 0.04186413902053712 0.02456560814859197
0 0.39652448657187994 0.25584182144997003 0.08530805687203791 0.05871779508687837
0 0.18601895734597157 0.25584182144997003 0.1018957345971564 0.05871779508687837
