0 0.4000789889415482 0.14559616536848413 0.0339652448657188 0.04793289394847214
0 0.40205371248025273 0.18693828639904134 0.04107424960505529 0.041941282204913125
0 0.40244865718799366 0.2300778909526663 0.038704581358609796 0.04433792690233673
0 0.4032385466034755 0.274116237267825 0.038704581358609796 0.04373876572798083
0 0.40165876777251186 0.3181545835829838 0.04186413902053712 0.04433792690233673
0 0.4028436018957346 0.3615937687237867 0.02527646129541864 0.02696225284601558
0 0.40205371248025273 0.39544637507489516 0.0315955766192733 0.025164769322947873
0 0.32385466034755134 0.14559616536848413 0.03949447077409163 0.014379868184541643
0 0.32385466034755134 0.1872378669862193 0.07266982622432859 0.016177351707609346
0 0.3222748815165877 0.22947872977831038 0.053712480252764615 0.022768124625524265
0 0.3230647709320695 0.27561414020371483 0.05055292259083728 0.021569802276812464
0 0.3203001579778831 0.31875374475733975 0.05134281200631911 0.02756141402037148
0 0.3214849921011058 0.3627920910724985 0.053712480252764615 0.018573996405032954
0 0.31990521327014215 0.39634511683642903 0.05687203791469194 0.023367285799880167
