0 0.28475513428120064 0.11563810665068903 0.17772511848341233 0.11024565608148593
0 0.2823854660347551 0.2627321749550629 0.14139020537124802 0.12282804074295986
0 0.2823854660347551 0.4322947872977831 0.13665086887835703 0.08807669263031756
0 0.5691153238546603 0.1554823247453565 0.08609794628751975 0.04733373277411624
0 0.6864139020537124 0.15158777711204313 0.0995260663507109 0.052726183343319355
0 0.8293838862559242 0.13271420011983223 0.10900473933649289 0.09526662672258839
0 0.8447867298578199 0.2576393049730378 0.14139020537124802 0.07789095266626722
0 0.6445497630331753 0.2384661473936489 0.14533965244865718 0.11264230077890953
0 0.2381516587677725 0.5260635110844817 0.10031595576619273 0.022768124625524265
0 0.2377567140600316 0.5605152786099461 0.05055292259083728 0.0329538645895746
0 0.2377567140600316 0.5970641102456561 0.07424960505529225 0.035350509286998205
0 0.2377567140600316 0.6354104254044338 0.07424960505529225 0.0341521869382864
0 0.23696682464454977 0.6740563211503895 0.07582938388625593 0.035949670461354104
0 0.2377567140600316 0.7118034751348112 0.08688783570300158 0.035949670461354104
