0 0.3420221169036335 0.1330137807070102 0.17851500789889416 0.10665068903535051
0 0.636255924170616 0.13151587777112042 0.24091627172195892 0.09886159376872379
0 0.34123222748815163 0.23517076093469144 0.18799368088467613 0.05092869982025165
0 0.5635860979462876 0.23696824445775913 0.13665086887835703 0.04973037747153985
0 0.6133491311216429 0.3463151587777112 0.2677725118483412 0.1318154583582984
0 0.16390205371248026 0.5164769322947873 0.11295418641390205 0.052726183343319355
0 0.3641390205371248 0.54823247453565 0.24644549763033174 0.1354104254044338
0 0.15363349131121642 0.7085080886758538 0.1382306477093207 0.07369682444577591
0 0.3641390205371248 0.7031156381066507 0.17061611374407581 0.07729179149191133
0 0.7938388625592417 0.5356500898741762 0.2401263823064771 0.11264230077890953
0 0.3550552922590837 0.7995805871779509 0.26145339652448657 0.10844817255841822
