0 0.38191153238546605 0.13750748951467945 0.08767772511848342 0.0341521869382864
0 0.38704581358609796 0.17405632115038946 0.13428120063191154 0.03055721989215099
0 0.3902053712480253 0.21120431396045536 0.15481832543443919 0.03654883163571001
0 0.3886255924170616 0.24985020970641103 0.15323854660347552 0.03834631515877771
0 0.3858609794628752 0.2914919113241462 0.13981042654028436 0.03654883163571001
0 0.3854660347551343 0.3325344517675255 0.14375987361769352 0.039544637507489516
0 0.38507109004739337 0.3732774116237268 0.146129541864139 0.03714799281006591
0 0.3854660347551343 0.4140203714799281 0.14218009478672985 0.035949670461354104
0 0.3858609794628752 0.45026962252846015 0.15086887835703 0.0329538645895746
0 0.38507109004739337 0.49011384062312763 0.1524486571879937 0.039544637507489516
0 0.3882306477093207 0.5724985020970641 0.15876777251184834 0.04373876572798083
0 0.38191153238546605 0.6132414619532655 0.16350710900473933 0.040143798681845415
0 0.3795418641390205 0.6563810665068903 0.15560821484992102 0.04134212103055722
0 0.38072669826224326 0.6995206710605153 0.14691943127962084 0.040143798681845415
0 0.3803317535545024 0.7426602756141403 0.16982622432859398 0.04254044337926902
0 0.38270142180094785 0.7834032354703415 0.16192733017377567 0.03654883163571001
0 0.3815165876777251 0.8238466147393649 0.17377567140600317 0.04313960455362493
0 0.38072669826224326 0.8648891551827442 0.16113744075829384 0.03654883163571001
0 0.3815165876777251 0.9002396644697424 0.1674565560821485 0.0329538645895746
