0 0.2804107424960505 0.35230677052127024 0.20063191153238547 0.09466746554823248
0 0.2037914691943128 0.5308568004793289 0.07898894154818326 0.07669263031755542
0 0.3767772511848341 0.530557219892151 0.09162717219589257 0.07849011384062313
0 0.5809636650868878 0.5290593169562613 0.08767772511848342 0.08028759736369083
0 0.18364928909952608 0.7908927501497903 0.07345971563981042 0.041941282204913125
0 0.32898894154818326 0.7977831036548831 0.07345971563981042 0.07489514679448772
0 0.4786729857819905 0.7998801677651288 0.08214849921011058 0.07070101857399641
0 0.6204581358609794 0.7917914919113241 0.07503949447077408 0.06890353505092871
0 0.7969984202211691 0.7986818454164171 0.09004739336492891 0.08148591971240264
0 0.8242496050552922 0.8532055122828041 0.05608214849921011 0.03235470341521869
0 0.8281990521327014 0.884361893349311 0.060821484992101105 0.033553025763930495
