0 0.1528436018957346 0.14589574595566207 0.07503949447077408 0.04134212103055722
0 0.2539494470774092 0.14649490713001798 0.08609794628751975 0.04254044337926902
0 0.410347551342812 0.14559616536848413 0.1382306477093207 0.04433792690233673
0 0.24210110584518166 0.24565608148591972 0.11769352290679305 0.052726183343319355
0 0.410347551342812 0.24355901737567406 0.10821484992101106 0.05452366686638706
0 0.25355450236966826 0.347513481126423 0.09162717219589257 0.04553624925104853
0 0.15165876777251186 0.34901138406231275 0.07740916271721959 0.046135410425404436
0 0.41390205371248023 0.3499101258238466 0.12480252764612954 0.04433792690233673
0 0.405608214849921 0.4520671060515279 0.10031595576619273 0.056920311563810666
0 0.24091627172195892 0.4520671060515279 0.12480252764612954 0.056920311563810666
0 0.4028436018957346 0.5518274415817855 0.15323854660347552 0.05751947273816657
0 0.17061611374407581 0.5515278609946076 0.11058451816745656 0.06291192330736968
0 0.358609794628752 0.6252246854403835 0.1895734597156398 0.04134212103055722
0 0.19786729857819904 0.6294188136608748 0.08609794628751975 0.029358897543439184
0 0.6512638230647709 0.15278609946075494 0.05134281200631911 0.029958058717795086
0 0.7725118483412322 0.1183343319352906 0.1263823064770932 0.018573996405032954
0 0.7776461295418641 0.19742360695026961 0.12243285939968404 0.023367285799880167
0 0.6473143759873617 0.19622528460155783 0.06240126382306477 0.028160575194727384
0 0.6528436018957345 0.2336728579988017 0.09399684044233807 0.02396644697423607
0 0.7764612954186414 0.23277411623726782 0.12006319115323855 0.018573996405032954
0 0.7733017377567141 0.26423007789095265 0.1263823064770932 0.02037147992810066
0 0.6548183254344392 0.2995805871779509 0.05687203791469194 0.03235470341521869
0 0.6532385466034755 0.34182144997004194 0.06003159557661927 0.028160575194727384
0 0.7744865718799367 0.341521869382864 0.12085308056872038 0.022768124625524265
0 0.6504739336492891 0.37896944278010786 0.09399684044233807 0.014979029358897543
0 0.7748815165876777 0.37986818454164173 0.12164296998420221 0.016776512881965248
