0 0.16350710900473933 0.1390053924505692 0.1311216429699842 0.08268424206111444
0 0.27804107424960506 0.1201318154583583 0.061611374407582936 0.025763930497303775
0 0.3988941548183254 0.13690832834032354 0.1358609794628752 0.10605152786099462
0 0.19786729857819904 0.21749550629119233 0.08609794628751975 0.02756141402037148
0 0.5912322274881516 0.1165368484122229 0.05608214849921011 0.05212702216896345
0 0.6962875197472354 0.1195326542840024 0.0703001579778831 0.0701018573996405
0 0.8258293838862559 0.11983223487118035 0.08609794628751975 0.07070101857399641
0 0.7089257503949447 0.23337327741162373 0.160347551342812 0.1348112642300779
0 0.19786729857819904 0.2606351108448173 0.1018957345971564 0.03115638106650689
0 0.1990521327014218 0.3025763930497304 0.08846761453396525 0.026363091671659677
0 0.19273301737756715 0.49011384062312763 0.06951026856240126 0.05152786099460755
0 0.3716429699842022 0.49071300179748356 0.07661927330173776 0.05032953864589575
0 0.21406003159557663 0.5943678849610545 0.1484992101105845 0.12222887956860395
0 0.41429699842022116 0.5928699820251648 0.13981042654028436 0.12282804074295986
0 0.5454186413902053 0.43409227082085083 0.05766192733017377 0.05092869982025165
0 0.6891785150078988 0.43529059316956265 0.13507109004739337 0.11084481725584182
0 0.8542654028436019 0.4343918514080288 0.1287519747235387 0.11024565608148593
0 0.5497630331753555 0.6135410425404434 0.06635071090047394 0.04553624925104853
0 0.6883886255924171 0.6141402037147993 0.146129541864139 0.1030557219892151
0 0.8479462875197472 0.6138406231276213 0.1382306477093207 0.1024565608148592
0 0.2156398104265403 0.33792690233672856 0.09320695102685624 0.04074295985620132
