0 0.2772511848341232 0.10814859197124027 0.07898894154818326 0.04733373277411624
0 0.41192733017377564 0.10874775314559616 0.08451816745655608 0.046135410425404436
0 0.5580568720379147 0.10904733373277412 0.08293838862559241 0.04793289394847214
0 0.7148499210110585 0.11024565608148593 0.07898894154818326 0.04793289394847214
0 0.35071090047393366 0.19802276812462552 0.07266982622432859 0.046135410425404436
0 0.4909162717219589 0.19802276812462552 0.08451816745655608 0.046135410425404436
0 0.6552132701421801 0.1983223487118035 0.08293838862559241 0.04553624925104853
0 0.27527646129541866 0.32264829239065307 0.07345971563981042 0.04373876572798083
0 0.556872037914692 0.3079688436189335 0.1358609794628752 0.07309766327142002
0 0.2815955766192733 0.488016776512882 0.0703001579778831 0.046135410425404436
0 0.4312796208530806 0.48412222887956863 0.07582938388625593 0.02756141402037148
0 0.5667456556082149 0.4847213900539245 0.07661927330173776 0.02756141402037148
0 0.7105055292259084 0.4856201318154584 0.060821484992101105 0.025763930497303775
0 0.3838862559241706 0.6051527860994608 0.13428120063191154 0.05632115038945477
