0 0.5071090047393365 0.11054523666866388 0.14533965244865718 0.04973037747153985
0 0.31990521327014215 0.19622528460155783 0.05845181674565561 0.023367285799880167
0 0.31911532385466035 0.2330736968244458 0.06635071090047394 0.017974835230677052
0 0.6236176935229067 0.19622528460155783 0.07977883096366509 0.025763930497303775
0 0.6236176935229067 0.23397243858597963 0.0924170616113744 0.029358897543439184
0 0.3195102685624013 0.2720191731575794 0.03712480252764613 0.016776512881965248
0 0.3183254344391785 0.304973037747154 0.03317535545023697 0.014379868184541643
0 0.31714060031595576 0.3421210305572199 0.0655608214849921 0.02756141402037148
0 0.6236176935229067 0.2726183343319353 0.054502369668246446 0.026363091671659677
0 0.6212480252764613 0.3058717795086878 0.0655608214849921 0.02696225284601558
0 0.6220379146919431 0.3427201917315758 0.03712480252764613 0.014379868184541643
0 0.3179304897314376 0.37956860395446373 0.06714060031595577 0.02696225284601558
0 0.6212480252764613 0.38016776512881967 0.04344391785150079 0.019772318753744758
0 0.3179304897314376 0.41761533852606353 0.05766192733017377 0.026363091671659677
0 0.3167456556082148 0.4529658478130617 0.05845181674565561 0.02037147992810066
0 0.6216429699842022 0.41671659676452966 0.05529225908372828 0.01737567405632115
0 0.3167456556082148 0.49071300179748356 0.03317535545023697 0.03235470341521869
0 0.6216429699842022 0.45266626722588377 0.05845181674565561 0.023367285799880167
0 0.31714060031595576 0.5266626722588377 0.035545023696682464 0.015578190533253445
0 0.6216429699842022 0.49131216297183944 0.045813586097946286 0.033553025763930495
0 0.6208530805687204 0.5263630916716597 0.06477093206951026 0.01737567405632115
0 0.3175355450236967 0.5623127621330138 0.05687203791469194 0.025763930497303775
0 0.6212480252764613 0.5617136009586579 0.035545023696682464 0.03175554224086279
0 0.31714060031595576 0.6018573996405033 0.04660347551342812 0.025763930497303775
0 0.3179304897314376 0.6411024565608149 0.04976303317535545 0.019173157579388856
0 0.31714060031595576 0.6785500299580587 0.05924170616113744 0.020970641102456562
0 0.3167456556082148 0.7058118633912522 0.07266982622432859 0.015578190533253445
0 0.6212480252764613 0.6018573996405033 0.045023696682464455 0.02456560814859197
0 0.6216429699842022 0.6414020371479928 0.03475513428120063 0.03175554224086279
0 0.6212480252764613 0.6779508687837028 0.045023696682464455 0.019772318753744758
