0 0.7124802527646129 0.12762133013780708 0.15955766192733017 0.10904733373277412
0 0.5181674565560821 0.12702216896345117 0.24644549763033174 0.09826243259436789
0 0.2962085308056872 0.12162971839424805 0.22748815165876776 0.08508088675853805
0 0.3400473933649289 0.25404433792690234 0.3009478672985782 0.05751947273816657
0 0.6552132701421801 0.2573397243858598 0.24723538704581358 0.09766327142001198
0 0.3246445497630332 0.3639904134212103 0.2622432859399684 0.06890353505092871
0 0.5312006319115323 0.366087477531456 0.15086887835703 0.08148591971240264
0 0.7061611374407583 0.3774715398442181 0.18009478672985782 0.11144397843019772
0 0.7101105845181674 0.542240862792091 0.2037914691943128 0.09107249850209706
0 0.5063191153238547 0.5395446375074895 0.17377567140600317 0.09886159376872379
0 0.31635071090047395 0.45026962252846015 0.20300157977883096 0.06051527860994608
0 0.30055292259083727 0.5557219892150989 0.19984202211690363 0.12282804074295986
