0 0.49921011058451814 0.12642300778909527 0.11216429699842022 0.08627920910724986
0 0.32503949447077407 0.24535650089874178 0.038704581358609796 0.03774715398442181
0 0.31911532385466035 0.29508687837028164 0.053712480252764615 0.03894547633313361
0 0.3203001579778831 0.3436189334931097 0.06240126382306477 0.04134212103055722
0 0.3203001579778831 0.3957459556620731 0.06240126382306477 0.04254044337926902
0 0.3226698262243286 0.4445775913720791 0.07187993680884676 0.04313960455362493
0 0.3230647709320695 0.4976033553025764 0.06003159557661927 0.05092869982025165
0 0.3195102685624013 0.5500299580587178 0.04976303317535545 0.052726183343319355
0 0.3203001579778831 0.5991611743559018 0.0655608214849921 0.04313960455362493
0 0.3195102685624013 0.6423007789095266 0.06398104265402843 0.028759736369083286
0 0.32109004739336494 0.7022168963451169 0.05608214849921011 0.04913121629718394
