0 0.3009478672985782 0.11923307369682445 0.12480252764612954 0.07908927501497903
0 0.4976303317535545 0.12162971839424805 0.1311216429699842 0.07429598562013182
0 0.6978672985781991 0.121929298981426 0.10031595576619273 0.07369682444577591
0 0.3787519747235387 0.8774715398442181 0.04028436018957346 0.02696225284601558
0 0.3787519747235387 0.8505092869982025 0.029225908372827805 0.02696225284601558
0 0.37717219589257506 0.8160575194727382 0.04344391785150079 0.041941282204913125
0 0.3795418641390205 0.7768124625524266 0.04660347551342812 0.040143798681845415
0 0.37796208530805686 0.7366686638705812 0.04344391785150079 0.04134212103055722
0 0.3767772511848341 0.6968244457759137 0.03949447077409163 0.039544637507489516
0 0.3803317535545024 0.6581785500299581 0.03238546603475513 0.03774715398442181
0 0.3823064770932069 0.6201318154583583 0.036334913112164295 0.039544637507489516
0 0.3787519747235387 0.578789694427801 0.0339652448657188 0.041941282204913125
0 0.38191153238546605 0.5455362492510486 0.05766192733017377 0.03055721989215099
0 0.37519747235387046 0.5170760934691432 0.061611374407582936 0.029958058717795086
0 0.38191153238546605 0.48831635710005994 0.04976303317535545 0.028759736369083286
0 0.3830963665086888 0.45895745955662076 0.04739336492890995 0.029958058717795086
0 0.38191153238546605 0.4304973037747154 0.03712480252764613 0.02696225284601558
0 0.3791469194312796 0.4011384062312762 0.026856240126382307 0.0329538645895746
0 0.37993680884676145 0.36998202516476936 0.02527646129541864 0.03055721989215099
0 0.3791469194312796 0.3397243858597963 0.023696682464454975 0.03115638106650689
0 0.37993680884676145 0.27980826842420614 0.0315955766192733 0.029958058717795086
0 0.3791469194312796 0.3088675853804674 0.03317535545023697 0.029358897543439184
0 0.3795418641390205 0.24715398442180947 0.0339652448657188 0.028160575194727384
0 0.3795418641390205 0.21869382863990414 0.03238546603475513 0.028759736369083286
0 0.30252764612954186 0.2189934092270821 0.04107424960505529 0.028160575194727384
0 0.3037124802527646 0.2504493708807669 0.04344391785150079 0.03235470341521869
0 0.30450236966824645 0.27950868783702815 0.04660347551342812 0.025763930497303775
0 0.3037124802527646 0.31006590772917914 0.054502369668246446 0.016177351707609346
0 0.3029225908372828 0.33882564409826244 0.04186413902053712 0.02696225284601558
0 0.3029225908372828 0.3708807669263032 0.03712480252764613 0.028759736369083286
0 0.3037124802527646 0.3996405032953865 0.04344391785150079 0.025164769322947873
0 0.30450236966824645 0.4313960455362493 0.03712480252764613 0.025164769322947873
0 0.3037124802527646 0.46075494307968845 0.035545023696682464 0.02396644697423607
0 0.3060821484992101 0.4898142600359497 0.04344391785150079 0.020970641102456562
0 0.3037124802527646 0.5176752546434991 0.04186413902053712 0.025164769322947873
0 0.3060821484992101 0.5464349910125824 0.04344391785150079 0.026363091671659677
0 0.3041074249605055 0.5790892750149791 0.037914691943127965 0.025763930497303775
0 0.30726698262243285 0.6177351707609348 0.044233807266982623 0.02756141402037148
0 0.3037124802527646 0.6581785500299581 0.03712480252764613 0.023367285799880167
0 0.3056872037914692 0.6971240263630917 0.042654028436018954 0.022168963451168366
0 0.30252764612954186 0.7387657279808268 0.036334913112164295 0.026363091671659677
0 0.3048973143759874 0.7762133013780708 0.036334913112164295 0.02696225284601558
0 0.3041074249605055 0.8160575194727382 0.04107424960505529 0.025164769322947873
0 0.30450236966824645 0.8517076093469144 0.04028436018957346 0.02456560814859197
0 0.3048973143759874 0.8768723786698622 0.03949447077409163 0.025763930497303775
