0 0.1579778830963665 0.1207309766327142 0.07898894154818326 0.07489514679448772
0 0.2871248025276461 0.1171360095865788 0.09873617693522907 0.06890353505092871
0 0.41113744075829384 0.12402636309167166 0.09083728278041074 0.08268424206111444
0 0.2910742496050553 0.22648292390653085 0.02448657187993681 0.021569802276812464
0 0.29265402843601895 0.25644098262432596 0.02764612954186414 0.019173157579388856
0 0.292259083728278 0.28699820251647695 0.030015797788309637 0.019173157579388856
0 0.29067930489731436 0.31965248651887357 0.026856240126382307 0.019772318753744758
0 0.29067930489731436 0.35050928699820255 0.023696682464454975 0.02037147992810066
0 0.2918641390205371 0.3825644098262433 0.022906793048973143 0.020970641102456562
0 0.2910742496050553 0.4131216297183943 0.02448657187993681 0.019772318753744758
0 0.2930489731437599 0.4439784301977232 0.023696682464454975 0.017974835230677052
0 0.29778830963665087 0.47543439185140807 0.036334913112164295 0.020970641102456562
0 0.2989731437598736 0.5053924505692031 0.03712480252764613 0.025763930497303775
0 0.30055292259083727 0.5419412822049131 0.030805687203791468 0.023367285799880167
0 0.3013428120063191 0.5724985020970641 0.04344391785150079 0.02456560814859197
0 0.30252764612954186 0.6048532055122828 0.04107424960505529 0.022168963451168366
0 0.2942338072669826 0.6330137807070102 0.026066350710900472 0.019772318753744758
0 0.2985781990521327 0.6668663870581186 0.03317535545023697 0.02396644697423607
0 0.30173775671406 0.6980227681246255 0.044233807266982623 0.021569802276812464
0 0.2930489731437599 0.7258837627321749 0.02527646129541864 0.022168963451168366
0 0.2989731437598736 0.7609346914319952 0.035545023696682464 0.025164769322947873
