0 0.12361769352290679 0.10665068903535051 0.07661927330173776 0.039544637507489516
0 0.23183254344391785 0.10635110844817255 0.0924170616113744 0.03654883163571001
0 0.405608214849921 0.10665068903535051 0.14454976303317535 0.03834631515877771
0 0.20971563981042654 0.16476932294787297 0.1429699842022117 0.03834631515877771
0 0.41429699842022116 0.16566806470940684 0.13191153238546605 0.03894547633313361
0 0.5714849921011058 0.11384062312762133 0.10821484992101106 0.026363091671659677
0 0.7109004739336493 0.1189334931096465 0.11374407582938388 0.04254044337926902
0 0.8593996840442338 0.11863391252246855 0.11374407582938388 0.041941282204913125
0 0.6327014218009479 0.16866387058118634 0.10742496050552923 0.0341521869382864
0 0.7977883096366508 0.1677651288196525 0.10584518167456555 0.02756141402037148
0 0.1386255924170616 0.29808268424206114 0.10979462875197472 0.028160575194727384
0 0.283175355450237 0.2983822648292391 0.10821484992101106 0.028759736369083286
0 0.42851500789889413 0.29898142600359495 0.10979462875197472 0.03115638106650689
0 0.20655608214849921 0.3579988016776513 0.15876777251184834 0.056920311563810666
0 0.40205371248025273 0.359796285200719 0.15955766192733017 0.056920311563810666
0 0.17772511848341233 0.44248052726183346 0.15481832543443919 0.05572198921509886
0 0.3890205371248025 0.4457759137207909 0.160347551342812 0.05632115038945477
