0 0.15363349131121642 0.12342720191731577 0.14139020537124802 0.11983223487118035
0 0.28554502369668244 0.12582384661473936 0.13191153238546605 0.0994607549430797
0 0.42496050552922593 0.1324146195326543 0.12954186413902052 0.08268424206111444
0 0.5825434439178515 0.13271420011983223 0.13665086887835703 0.08687837028160575
0 0.7215639810426541 0.1336129418813661 0.1240126382306477 0.09107249850209706
0 0.858214849921011 0.12792091072498502 0.12085308056872038 0.08927501497902936
0 0.1528436018957346 0.2714200119832235 0.13665086887835703 0.1018573996405033
0 0.33846761453396523 0.26842420611144396 0.17298578199052134 0.08747753145596165
0 0.5106635071090048 0.2711204313960455 0.10347551342812006 0.09646494907130018
0 0.6773301737756714 0.28280407429598564 0.1382306477093207 0.04793289394847214
0 0.830173775671406 0.2774116237267825 0.10110584518167456 0.06111443978430198
0 0.1674565560821485 0.3936488915518275 0.16429699842022116 0.09826243259436789
0 0.30726698262243285 0.3978430197723188 0.07582938388625593 0.09346914319952067
0 0.41232227488151657 0.3975434391851408 0.07898894154818326 0.10964649490713002
0 0.5256714060031595 0.4020371479928101 0.1287519747235387 0.09107249850209706
0 0.6733807266982622 0.40443379269023366 0.12717219589257503 0.10665068903535051
0 0.8199052132701422 0.4092270820850809 0.12322274881516587 0.10545236668663871
0 0.18009478672985782 0.530257639304973 0.18799368088467613 0.09586578789694428
0 0.3665086887835703 0.5257639304973037 0.09636650868878358 0.08927501497902936
0 0.5114533965244865 0.5500299580587178 0.11769352290679305 0.04433792690233673
0 0.6635071090047393 0.530557219892151 0.12322274881516587 0.09286998202516478
0 0.8357030015797788 0.5197723187537447 0.13270142180094788 0.08448172558418214
0 0.14533965244865718 0.6536848412222888 0.12164296998420221 0.10904733373277412
0 0.32661927330173773 0.6797483523067706 0.2093206951026856 0.048532055122828044
0 0.5181674565560821 0.6734571599760336 0.13744075829383887 0.0659077291791492
0 0.6765402843601895 0.6608747753145596 0.12559241706161137 0.11863391252246855
0 0.8266192733017378 0.6689634511683643 0.1287519747235387 0.11923307369682445
0 0.11966824644549763 0.8271420011983224 0.06714060031595577 0.08927501497902936
0 0.22077409162717218 0.829538645895746 0.11453396524486571 0.08568004793289395
0 0.33846761453396523 0.8124625524266028 0.09083728278041074 0.12342720191731577
0 0.4462875197472354 0.8199520671060515 0.09320695102685624 0.08807669263031756
0 0.5722748815165877 0.8091671659676453 0.12559241706161137 0.11683642899940085
0 0.7041864139020537 0.8139604553624925 0.11453396524486571 0.12402636309167166
0 0.8392575039494471 0.8241461953265429 0.1018957345971564 0.1324146195326543
