0 0.23420221169036334 0.36548831635710005 0.0924170616113744 0.04074295985620132
0 0.3439968404423381 0.3663870581186339 0.06398104265402843 0.03774715398442181
0 0.5260663507109005 0.36578789694427805 0.1484992101105845 0.03894547633313361
0 0.7393364928909952 0.36758538046734573 0.1406003159557662 0.04134212103055722
0 0.7377567140600316 0.45656081485919714 0.1627172195892575 0.03235470341521869
0 0.47195892575039494 0.45566207309766327 0.16666666666666666 0.028160575194727384
0 0.25157977883096366 0.45566207309766327 0.14928909952606634 0.028160575194727384
0 0.764218009478673 0.5137807070101857 0.1524486571879937 0.04254044337926902
0 0.5383096366508688 0.5074895146794488 0.14454976303317535 0.02756141402037148
0 0.32385466034755134 0.5068903535050929 0.14691943127962084 0.028759736369083286
