0 0.5086887835703001 0.10874775314559616 0.15639810426540285 0.048532055122828044
0 0.2740916271721959 0.31036548831635713 0.042654028436018954 0.041941282204913125
0 0.3522906793048973 0.20641102456560814 0.06635071090047394 0.028160575194727384
0 0.353870458135861 0.24415817855002997 0.07582938388625593 0.029358897543439184
0 0.35347551342812006 0.28789694427801077 0.06240126382306477 0.03894547633313361
0 0.353870458135861 0.33193529059316956 0.07582938388625593 0.03115638106650689
0 0.35308056872037913 0.3744757339724386 0.06003159557661927 0.033553025763930495
0 0.35347551342812006 0.41461953265428403 0.06398104265402843 0.029958058717795086
0 0.35308056872037913 0.45236668663870583 0.0631911532385466 0.028759736369083286
0 0.3542654028436019 0.49011384062312763 0.07345971563981042 0.02756141402037148
0 0.27764612954186413 0.5566207309766327 0.05924170616113744 0.02756141402037148
0 0.35347551342812006 0.5335530257639305 0.06240126382306477 0.03774715398442181
0 0.3526856240126382 0.5775913720790893 0.07503949447077408 0.03115638106650689
0 0.35347551342812006 0.6198322348711803 0.05924170616113744 0.0341521869382864
0 0.35347551342812006 0.6605751947273817 0.06240126382306477 0.029358897543439184
