0 0.37756714060031593 0.08328340323547034 0.06477093206951026 0.03235470341521869
0 0.6121642969984202 0.08837627321749551 0.05529225908372828 0.04254044337926902
0 0.18167456556082148 0.14649490713001798 0.04897314375987362 0.0341521869382864
0 0.26579778830963663 0.14799281006590773 0.05766192733017377 0.04074295985620132
0 0.33965244865718797 0.14589574595566207 0.05055292259083728 0.03055721989215099
0 0.4178515007898894 0.14739364889155182 0.05055292259083728 0.03115638106650689
0 0.5367298578199052 0.14979029358897544 0.054502369668246446 0.04433792690233673
0 0.7243285939968405 0.15098861593768725 0.05529225908372828 0.041941282204913125
0 0.18088467614533965 0.20760934691431995 0.04897314375987362 0.028160575194727384
0 0.2677725118483412 0.21060515278609945 0.05529225908372828 0.03654883163571001
0 0.3400473933649289 0.2067106051527861 0.04818325434439179 0.03115638106650689
0 0.42180094786729855 0.20820850808867586 0.04897314375987362 0.03175554224086279
0 0.5007898894154819 0.2085080886758538 0.05687203791469194 0.04553624925104853
0 0.566350710900474 0.21150389454763333 0.05687203791469194 0.041941282204913125
0 0.6477093206951027 0.20880766926303176 0.052132701421800945 0.040143798681845415
0 0.7041864139020537 0.2097064110245656 0.052922590837282776 0.04074295985620132
0 0.759478672985782 0.20641102456560814 0.052922590837282776 0.04254044337926902
0 0.8135860979462876 0.21030557219892151 0.05055292259083728 0.04313960455362493
0 0.1872037914691943 0.2714200119832235 0.052132701421800945 0.05392450569203116
0 0.3424170616113744 0.2708208508088676 0.05134281200631911 0.04553624925104853
0 0.4194312796208531 0.268124625524266 0.052132701421800945 0.040143798681845415
0 0.5043443917851501 0.26842420611144396 0.04976303317535545 0.041941282204913125
0 0.5627962085308057 0.2678250449370881 0.05134281200631911 0.04553624925104853
0 0.6682464454976303 0.2771120431396046 0.052132701421800945 0.04373876572798083
0 0.7294628751974723 0.27860994607549433 0.04976303317535545 0.041941282204913125
0 0.7894944707740916 0.27651288196524865 0.052922590837282776 0.04373876572798083
0 0.1844391785150079 0.34721390053924506 0.0655608214849921 0.053325344517675254
0 0.3404423380726698 0.3445176752546435 0.052132701421800945 0.05392450569203116
0 0.4178515007898894 0.3427201917315758 0.053712480252764615 0.052726183343319355
0 0.5075039494470774 0.3367285799880168 0.05924170616113744 0.04074295985620132
0 0.5627962085308057 0.33822648292390656 0.054502369668246446 0.04373876572798083
0 0.6571879936808847 0.3367285799880168 0.05845181674565561 0.04553624925104853
0 0.735781990521327 0.34301977231875375 0.06240126382306477 0.053325344517675254
0 0.7934439178515008 0.3367285799880168 0.04660347551342812 0.04074295985620132
0 0.17772511848341233 0.4140203714799281 0.0679304897314376 0.039544637507489516
0 0.5165876777251185 0.4080287597363691 0.06951026856240126 0.04913121629718394
