0 0.4901263823064771 0.1189334931096465 0.10979462875197472 0.0677052127022169
0 0.2650078988941548 0.256141402037148 0.12243285939968404 0.06890353505092871
0 0.41192733017377564 0.25644098262432596 0.12559241706161137 0.0659077291791492
0 0.5722748815165877 0.25704014379868184 0.15086887835703 0.06470940683043738
0 0.7247235387045814 0.2330736968244458 0.13665086887835703 0.11503894547633314
0 0.2622432859399684 0.35410425404433793 0.08214849921011058 0.0347513481126423
0 0.41429699842022116 0.3556021569802277 0.08609794628751975 0.035350509286998205
0 0.5714849921011058 0.35470341521869386 0.09083728278041074 0.03235470341521869
0 0.7207740916271722 0.35440383463151587 0.09399684044233807 0.0329538645895746
0 0.3420221169036335 0.43319352905931696 0.11058451816745656 0.0659077291791492
0 0.6050552922590837 0.43319352905931696 0.17535545023696683 0.0659077291791492
