0 0.2578988941548183 0.16267225883762731 0.11453396524486571 0.04733373277411624
0 0.3522906793048973 0.23996405032953866 0.1895734597156398 0.07369682444577591
0 0.4067930489731438 0.16506890353505094 0.1358609794628752 0.053325344517675254
0 0.7006319115323855 0.11473936488915519 0.20537124802527645 0.07249850209706411
0 0.6868088467614534 0.19922109047333733 0.11927330173775672 0.07369682444577591
0 0.669431279620853 0.268124625524266 0.19826224328593997 0.07489514679448772
0 0.65086887835703 0.34841222288795687 0.19747235387045814 0.0677052127022169
0 0.2744865718799368 0.3268424206111444 0.11769352290679305 0.05811863391252247
0 0.3424170616113744 0.43199520671060515 0.2725118483412322 0.0994607549430797
0 0.6587677725118484 0.4367884961054524 0.27014218009478674 0.10545236668663871
0 0.3380726698262243 0.5254643499101258 0.27014218009478674 0.09586578789694428
0 0.6619273301737757 0.5308568004793289 0.30173775671406 0.09586578789694428
0 0.5252764612954186 0.634212103055722 0.27014218009478674 0.1048532055122828
