0 0.2685624012638231 0.12402636309167166 0.33649289099526064 0.07429598562013182
0 0.2823854660347551 0.347813061713601 0.24091627172195892 0.0713001797483523
0 0.19549763033175355 0.4508687837028161 0.08609794628751975 0.04373876572798083
0 0.19865718799368087 0.49550629119233075 0.07977883096366509 0.041941282204913125
0 0.1966824644549763 0.5371479928100659 0.07266982622432859 0.023367285799880167
0 0.19549763033175355 0.5778909526662672 0.06398104265402843 0.02456560814859197
0 0.19786729857819904 0.6204313960455362 0.07977883096366509 0.03055721989215099
0 0.19826224328593997 0.6605751947273817 0.0947867298578199 0.028160575194727384
0 0.19747235387045814 0.6953265428400239 0.08372827804107424 0.03055721989215099
0 0.19470774091627172 0.7336728579988017 0.0655608214849921 0.02456560814859197
0 0.19747235387045814 0.7696225284601558 0.07424960505529225 0.028160575194727384
