0 0.23104265402843602 0.13810665068903535 0.08135860979462875 0.04973037747153985
0 0.33372827804107424 0.13780707010185742 0.0655608214849921 0.04793289394847214
0 0.46484992101105843 0.13810665068903535 0.08135860979462875 0.0341521869382864
0 0.23025276461295419 0.19652486518873577 0.08135860979462875 0.05152786099460755
0 0.3325434439178515 0.19652486518873577 0.061611374407582936 0.04793289394847214
0 0.4660347551342812 0.19682444577591374 0.08056872037914692 0.035350509286998205
0 0.23104265402843602 0.2543439185140803 0.08451816745655608 0.05092869982025165
0 0.3333333333333333 0.2555422408627921 0.0631911532385466 0.048532055122828044
0 0.4676145339652449 0.256141402037148 0.08214849921011058 0.0341521869382864
0 0.46524486571879936 0.3097663271420012 0.08214849921011058 0.035949670461354104
0 0.3329383886255924 0.31036548831635713 0.0655608214849921 0.04913121629718394
0 0.23025276461295419 0.378070701018574 0.08293838862559241 0.05152786099460755
0 0.33372827804107424 0.37777112043139605 0.060821484992101105 0.04733373277411624
0 0.4656398104265403 0.37777112043139605 0.07661927330173776 0.07729179149191133
0 0.2306477093206951 0.46584781306171363 0.08214849921011058 0.053325344517675254
0 0.3341232227488152 0.46584781306171363 0.06477093206951026 0.048532055122828044
0 0.46484992101105843 0.4652486518873577 0.07661927330173776 0.09047333732774117
0 0.22946287519747235 0.5575194727381666 0.08135860979462875 0.05212702216896345
0 0.3333333333333333 0.5587177950868784 0.06635071090047394 0.048532055122828044
0 0.4660347551342812 0.5587177950868784 0.07582938388625593 0.08927501497902936
0 0.2306477093206951 0.6315158777711204 0.08372827804107424 0.05152786099460755
0 0.3345181674565561 0.6321150389454764 0.06398104265402843 0.04913121629718394
0 0.4656398104265403 0.6315158777711204 0.07977883096366509 0.0347513481126423
0 0.22985781990521326 0.6857399640503296 0.0947867298578199 0.05092869982025165
0 0.3341232227488152 0.6860395446375075 0.0631911532385466 0.04793289394847214
0 0.46484992101105843 0.6860395446375075 0.07977883096366509 0.0347513481126423
0 0.23025276461295419 0.7405632115038946 0.0924170616113744 0.05032953864589575
0 0.3333333333333333 0.7405632115038946 0.0631911532385466 0.046734571599760334
0 0.4660347551342812 0.7405632115038946 0.07898894154818326 0.0347513481126423
0 0.2306477093206951 0.8076692630317556 0.08214849921011058 0.052726183343319355
0 0.3333333333333333 0.8085680047932894 0.06477093206951026 0.048532055122828044
0 0.46484992101105843 0.8076692630317556 0.07819905213270142 0.07789095266626722
0 0.2306477093206951 0.8891551827441582 0.08372827804107424 0.05152786099460755
0 0.3329383886255924 0.8891551827441582 0.06398104265402843 0.04793289394847214
0 0.4656398104265403 0.889754343918514 0.07503949447077408 0.07789095266626722
