0 0.18996840442338073 0.31036548831635713 0.21406003159557663 0.05392450569203116
0 0.3957345971563981 0.3091671659676453 0.13902053712480253 0.04553624925104853
0 0.18364928909952608 0.36428999400838824 0.19826224328593997 0.06111443978430198
0 0.19984202211690363 0.4185140802875974 0.23380726698262244 0.06411024565608149
0 0.39060031595576616 0.35110844817255843 0.1287519747235387 0.05032953864589575
0 0.40205371248025273 0.3969442780107849 0.15165876777251186 0.04973037747153985
0 0.18996840442338073 0.4919113241461953 0.21090047393364927 0.05392450569203116
0 0.39178515007898895 0.48412222887956863 0.1848341232227488 0.052726183343319355
0 0.7176145339652449 0.44547633313361296 0.2725118483412322 0.2606351108448173
0 0.273696682464455 0.6674655482324745 0.2235387045813586 0.07429598562013182
0 0.4980252764612954 0.6695626123427202 0.21248025276461296 0.07849011384062313
0 0.7298578199052133 0.6692630317555422 0.21011058451816744 0.07309766327142002
0 0.5805687203791469 0.7264829239065309 0.10742496050552923 0.04134212103055722
0 0.2823854660347551 0.7486518873576993 0.10979462875197472 0.03175554224086279
0 0.3060821484992101 0.8705811863391253 0.2772511848341232 0.08148591971240264
0 0.5071090047393365 0.7893948472139005 0.30647709320695105 0.07249850209706411
0 0.759478672985782 0.7579388855602157 0.12559241706161137 0.029958058717795086
0 0.665086887835703 0.8693828639904134 0.325434439178515 0.08987417615338526
