0 0.26895734597156395 0.140203714799281 0.179304897314376 0.11384062312762133
0 0.1820695102685624 0.24535650089874178 0.165086887835703 0.11204313960455363
0 0.3838862559241706 0.24505692031156381 0.16587677725118483 0.11144397843019772
0 0.3076619273301738 0.34421809466746556 0.17772511848341233 0.11324146195326543
0 0.16864139020537125 0.4964050329538646 0.11453396524486571 0.048532055122828044
0 0.26816745655608215 0.46195326542840026 0.06398104265402843 0.04313960455362493
0 0.3684834123222749 0.48921509886159376 0.13033175355450236 0.08807669263031756
0 0.20655608214849921 0.578789694427801 0.13033175355450236 0.08867585380467347
0 0.4032385466034755 0.578789694427801 0.12717219589257503 0.08867585380467347
0 0.27488151658767773 0.6692630317555422 0.17377567140600317 0.08747753145596165
0 0.18088467614533965 0.75584182144997 0.17535545023696683 0.08687837028160575
0 0.3767772511848341 0.756141402037148 0.18641390205371247 0.08867585380467347
0 0.5821484992101106 0.10724985020970641 0.06003159557661927 0.039544637507489516
0 0.764218009478673 0.10904733373277412 0.07977883096366509 0.03834631515877771
0 0.5805687203791469 0.17046135410425406 0.08056872037914692 0.05212702216896345
0 0.8447867298578199 0.17615338526063512 0.09557661927330173 0.06111443978430198
0 0.590047393364929 0.2285799880167765 0.061611374407582936 0.040143798681845415
0 0.7061611374407583 0.24595566207309766 0.12796208530805686 0.08448172558418214
0 0.6457345971563981 0.3271420011983224 0.18246445497630331 0.08388256440982625
0 0.6125592417061612 0.4080287597363691 0.16824644549763032 0.08627920910724986
0 0.8143759873617693 0.40772917914919116 0.18009478672985782 0.08687837028160575
