0 0.3321484992101106 0.1048532055122828 0.2677725118483412 0.08508088675853805
0 0.6540284360189573 0.1048532055122828 0.29541864139020535 0.08388256440982625
0 0.3274091627172196 0.2243858597962852 0.2567140600315956 0.08208508088675855
0 0.6512638230647709 0.2243858597962852 0.28988941548183256 0.08208508088675855
0 0.13309636650868878 0.3939484721390054 0.09399684044233807 0.04973037747153985
0 0.2764612954186414 0.39185140802875973 0.12954186413902052 0.052726183343319355
0 0.4135071090047393 0.378070701018574 0.10821484992101106 0.08148591971240264
0 0.566350710900474 0.39604553624925104 0.09794628751974724 0.046734571599760334
0 0.7049763033175356 0.39304973037747154 0.0971563981042654 0.04793289394847214
0 0.8329383886255924 0.3786698621929299 0.13033175355450236 0.07789095266626722
0 0.20616113744075829 0.4829239065308568 0.2306477093206951 0.07549430796884363
0 0.6299368088467614 0.48921509886159376 0.22195892575039494 0.07729179149191133
0 0.3214849921011058 0.6288196524865189 0.15007898894154817 0.05092869982025165
0 0.15639810426540285 0.633912522468544 0.11690363349131122 0.04913121629718394
0 0.7006319115323855 0.6431995206710606 0.11690363349131122 0.046135410425404436
0 0.22946287519747235 0.7294787297783104 0.25355450236966826 0.07729179149191133
0 0.688783570300158 0.7276812462552427 0.2480252764612954 0.07729179149191133
