0 0.2424960505529226 0.3181545835829838 0.2037914691943128 0.03834631515877771
0 0.23657187993680884 0.3825644098262433 0.1919431279620853 0.0713001797483523
0 0.254739336492891 0.4499700419412822 0.2330173775671406 0.041941282204913125
0 0.22630331753554503 0.5248651887357699 0.17140600315955765 0.046734571599760334
0 0.26303317535545023 0.5997603355302576 0.24960505529225907 0.06710605152786099
0 0.3372827804107425 0.7534451767525464 0.19273301737756715 0.035350509286998205
0 0.6090047393364929 0.7573397243858598 0.2116903633491311 0.04313960455362493
0 0.33688783570300157 0.8196524865188736 0.17614533965244866 0.033553025763930495
0 0.6117693522906793 0.8181545835829839 0.2093206951026856 0.035350509286998205
0 0.6390205371248026 0.8792690233672859 0.2638230647709321 0.0341521869382864
0 0.330173775671406 0.8822648292390654 0.2116903633491311 0.04134212103055722
