0 0.15363349131121642 0.31126423007789095 0.14770932069510267 0.10724985020970641
0 0.2918641390205371 0.2998801677651288 0.1382306477093207 0.07849011384062313
0 0.429304897314376 0.3028759736369083 0.10979462875197472 0.08448172558418214
0 0.26342812006319116 0.49610545236668663 0.09399684044233807 0.04913121629718394
0 0.41706161137440756 0.49610545236668663 0.09636650868878358 0.04913121629718394
0 0.5043443917851501 0.48112642300778913 0.07187993680884676 0.02756141402037148
0 0.618088467614534 0.4919113241461953 0.1382306477093207 0.05152786099460755
0 0.7413112164296999 0.48112642300778913 0.08925750394944708 0.029958058717795086
0 0.48380726698262244 0.5865787896944278 0.15876777251184834 0.08987417615338526
0 0.21958925750394945 0.7450569203115638 0.1674565560821485 0.07249850209706411
0 0.4585308056872038 0.743858597962852 0.19036334913112163 0.0701018573996405
0 0.6951026856240127 0.7465548232474536 0.1674565560821485 0.06710605152786099
0 0.8092417061611374 0.7585380467345716 0.04186413902053712 0.04553624925104853
0 0.1844391785150079 0.8385260635110845 0.07187993680884676 0.040143798681845415
0 0.31911532385466035 0.8690832834032355 0.1721958925750395 0.10365488316357101
0 0.4368088467614534 0.8759736369083284 0.037914691943127965 0.04433792690233673
