0 0.6406003159557662 0.10275614140203715 0.08056872037914692 0.05572198921509886
0 0.6445497630331753 0.19113241461953265 0.08214849921011058 0.08028759736369083
0 0.669826224328594 0.2801078490113841 0.12954186413902052 0.06890353505092871
0 0.48657187993680884 0.28789694427801077 0.15639810426540285 0.06890353505092871
0 0.3736176935229068 0.2576393049730378 0.07424960505529225 0.039544637507489516
0 0.30252764612954186 0.20041941282204914 0.07740916271721959 0.0341521869382864
0 0.29541864139020535 0.28759736369083283 0.10584518167456555 0.0659077291791492
0 0.3617693522906793 0.4598562013181546 0.12480252764612954 0.09167165967645297
0 0.2156398104265403 0.4781306171360096 0.08372827804107424 0.07789095266626722
0 0.1311216429699842 0.5047932893948472 0.08372827804107424 0.05212702216896345
0 0.3834913112164297 0.5542240862792092 0.1240126382306477 0.08627920910724986
0 0.24881516587677724 0.54823247453565 0.13428120063191154 0.06231276213301378
0 0.7440758293838863 0.5617136009586579 0.21642969984202212 0.15038945476333135
