0 0.29265402843601895 0.085380467345716 0.08767772511848342 0.05212702216896345
0 0.39731437598736175 0.085380467345716 0.07740916271721959 0.04373876572798083
0 0.5027646129541864 0.0847813061713601 0.07819905213270142 0.04493708807669263
0 0.6224328593996841 0.0865787896944278 0.09320695102685624 0.04373876572798083
0 0.7290679304897314 0.0865787896944278 0.10110584518167456 0.046135410425404436
0 0.75 0.16596764529658478 0.1066350710900474 0.05152786099460755
0 0.6212480252764613 0.1677651288196525 0.10979462875197472 0.05152786099460755
0 0.5063191153238547 0.16926303175554225 0.10900473933649289 0.05572198921509886
0 0.37993680884676145 0.170760934691432 0.10110584518167456 0.052726183343319355
0 0.25552922590837285 0.16806470940683044 0.11769352290679305 0.053325344517675254
0 0.6307266982622433 0.29508687837028164 0.11769352290679305 0.04733373277411624
0 0.7132701421800948 0.38076692630317555 0.09162717219589257 0.046135410425404436
0 0.561216429699842 0.3786698621929299 0.08293838862559241 0.05032953864589575
0 0.410347551342812 0.36369083283403236 0.12085308056872038 0.05152786099460755
