0 0.2804107424960505 0.12642300778909527 0.21484992101105846 0.07908927501497903
0 0.273696682464455 0.1908328340323547 0.06714060031595577 0.040143798681845415
0 0.2693522906793049 0.2414619532654284 0.06951026856240126 0.041941282204913125
0 0.26816745655608215 0.2896944278010785 0.05924170616113744 0.03654883163571001
0 0.2768562401263823 0.33702816057519475 0.08451816745655608 0.04254044337926902
0 0.27764612954186413 0.3867585380467346 0.08451816745655608 0.04134212103055722
0 0.2740916271721959 0.4346914319952067 0.10268562401263823 0.04134212103055722
0 0.2772511848341232 0.6755542240862792 0.06477093206951026 0.03175554224086279
0 0.27527646129541866 0.7246854403834632 0.060821484992101105 0.035350509286998205
0 0.27567140600315954 0.7735170760934692 0.061611374407582936 0.03235470341521869
