0 0.15205371248025276 0.1195326542840024 0.1382306477093207 0.06890353505092871
0 0.372432859399684 0.1207309766327142 0.13665086887835703 0.06171360095865788
0 0.5860979462875198 0.09826243259436789 0.13902053712480253 0.0683043738765728
0 0.8262243285939969 0.09766327142001198 0.18009478672985782 0.07070101857399641
0 0.17417061611374407 0.20760934691431995 0.179304897314376 0.06890353505092871
0 0.3933649289099526 0.21030557219892151 0.18167456556082148 0.06470940683043738
0 0.6070300157977883 0.19772318753744758 0.174565560821485 0.06470940683043738
0 0.8242496050552922 0.19712402636309168 0.174565560821485 0.0695026962252846
0 0.5860979462875198 0.2923906530856801 0.13744075829383887 0.06470940683043738
0 0.8262243285939969 0.29298981426003595 0.18009478672985782 0.06351108448172559
0 0.21642969984202212 0.3663870581186339 0.1484992101105845 0.06530856800479329
0 0.4067930489731438 0.36848412222887955 0.14691943127962084 0.0683043738765728
