0 0.6327014218009479 0.11863391252246855 0.08846761453396525 0.07669263031755542
0 0.4174565560821485 0.1195326542840024 0.08451816745655608 0.07249850209706411
0 0.21721958925750395 0.11084481725584182 0.06635071090047394 0.041941282204913125
0 0.4458925750394945 0.23187537447573398 0.11137440758293839 0.1030557219892151
0 0.23736176935229067 0.24715398442180947 0.08767772511848342 0.07249850209706411
0 0.590047393364929 0.4080287597363691 0.12164296998420221 0.11983223487118035
0 0.3862559241706161 0.4203115638106651 0.10584518167456555 0.09526662672258839
0 0.8546603475513428 0.6234272019173158 0.11374407582938388 0.10844817255841822
0 0.6670616113744076 0.6306171360095866 0.09557661927330173 0.11084481725584182
0 0.669826224328594 0.7699221090473337 0.09004739336492891 0.10545236668663871
0 0.8562401263823065 0.7657279808268425 0.11374407582938388 0.10545236668663871
