0 0.2622432859399684 0.14679448771719594 0.11374407582938388 0.039544637507489516
0 0.48380726698262244 0.12462552426602756 0.20616113744075829 0.08388256440982625
0 0.6844391785150079 0.13391252246854404 0.20616113744075829 0.09886159376872379
0 0.3495260663507109 0.23487118034751348 0.26303317535545023 0.09586578789694428
0 0.6255924170616114 0.23547034152186938 0.26540284360189575 0.09586578789694428
0 0.3578199052132701 0.34841222288795687 0.2638230647709321 0.09766327142001198
0 0.6358609794628752 0.347813061713601 0.24960505529225907 0.09886159376872379
0 0.25631911532385465 0.5107849011384062 0.14928909952606634 0.056920311563810666
0 0.4490521327014218 0.5152786099460755 0.14770932069510267 0.05152786099460755
0 0.6895734597156398 0.5134811264230078 0.2575039494470774 0.05991611743559017
0 0.3459715639810427 0.6015578190533254 0.2559241706161137 0.05871779508687837
0 0.6224328593996841 0.6066506890353506 0.22906793048973143 0.06171360095865788
0 0.7144549763033176 0.725584182144997 0.2725118483412322 0.05032953864589575
0 0.6986571879936809 0.8187537447573398 0.23617693522906794 0.0713001797483523
