0 0.2578988941548183 0.10365488316357101 0.06398104265402843 0.041941282204913125
0 0.39691943127962087 0.1048532055122828 0.11769352290679305 0.04433792690233673
0 0.5995260663507109 0.10515278609946076 0.1484992101105845 0.05092869982025165
0 0.2646129541864139 0.19682444577591374 0.09004739336492891 0.06171360095865788
0 0.5122432859399684 0.19802276812462552 0.15086887835703 0.06411024565608149
0 0.6109794628751974 0.18064709406830437 0.038704581358609796 0.029358897543439184
0 0.7318325434439178 0.19442780107849011 0.15086887835703 0.05572198921509886
0 0.6240126382306477 0.2935889754343919 0.09320695102685624 0.03714799281006591
0 0.5560821484992101 0.2923906530856801 0.061611374407582936 0.05991611743559017
0 0.3566350710900474 0.2896944278010785 0.14139020537124802 0.06530856800479329
0 0.29778830963665087 0.38496105452366686 0.20537124802527645 0.09646494907130018
0 0.6591627172195893 0.38406231276213304 0.2598736176935229 0.09826243259436789
0 0.42180094786729855 0.5218693828639904 0.1484992101105845 0.05632115038945477
0 0.18759873617693523 0.5260635110844817 0.21406003159557663 0.05871779508687837
0 0.18996840442338073 0.609346914319952 0.04818325434439179 0.028759736369083286
0 0.4451026856240126 0.6066506890353506 0.05608214849921011 0.035350509286998205
