0 0.2839652448657188 0.1288196524865189 0.09083728278041074 0.05991611743559017
0 0.396129541864139 0.13151587777112042 0.05608214849921011 0.04733373277411624
0 0.5920221169036335 0.13630916716596764 0.04186413902053712 0.03774715398442181
0 0.5011848341232228 0.18064709406830437 0.08767772511848342 0.059316956261234274
0 0.3988941548183254 0.18334331935290593 0.05687203791469194 0.04433792690233673
0 0.28672985781990523 0.23636908328340325 0.0947867298578199 0.056920311563810666
0 0.2835703001579779 0.2902935889754344 0.08688783570300158 0.05212702216896345
0 0.40047393364928907 0.23756740563211504 0.04107424960505529 0.03894547633313361
0 0.39849921011058453 0.29298981426003595 0.038704581358609796 0.03834631515877771
0 0.5928120063191153 0.2902935889754344 0.026066350710900472 0.0341521869382864
