0 0.20695102685624012 0.10005991611743559 0.0679304897314376 0.03834631515877771
0 0.3617693522906793 0.10005991611743559 0.09794628751974724 0.035949670461354104
0 0.5714849921011058 0.10874775314559616 0.1524486571879937 0.05811863391252247
0 0.7815955766192733 0.11863391252246855 0.14454976303317535 0.08388256440982625
0 0.6145339652448657 0.2043139604553625 0.09162717219589257 0.03235470341521869
0 0.21761453396524486 0.20940683043738767 0.1066350710900474 0.059316956261234274
0 0.2037914691943128 0.31635710005991613 0.12006319115323855 0.05632115038945477
0 0.3613744075829384 0.31755542240862794 0.10821484992101106 0.05991611743559017
0 0.36492890995260663 0.21030557219892151 0.12796208530805686 0.05871779508687837
0 0.4664296998420221 0.2657279808268424 0.11295418641390205 0.05212702216896345
0 0.7539494470774092 0.2043139604553625 0.10347551342812006 0.02756141402037148
0 0.5691153238546603 0.2792091072498502 0.07345971563981042 0.04793289394847214
0 0.6583728278041074 0.2822049131216297 0.08293838862559241 0.04793289394847214
0 0.773696682464455 0.286399041342121 0.1240126382306477 0.07669263031755542
