0 0.27014218009478674 0.1018573996405033 0.08056872037914692 0.028759736369083286
0 0.4273301737756714 0.09886159376872379 0.07582938388625593 0.029958058717795086
0 0.6287519747235387 0.1030557219892151 0.1627172195892575 0.033553025763930495
0 0.7290679304897314 0.1701617735170761 0.1769352290679305 0.035949670461354104
0 0.6706161137440758 0.2390653085680048 0.1769352290679305 0.0347513481126423
0 0.4612954186413902 0.2414619532654284 0.09636650868878358 0.0347513481126423
0 0.5221169036334913 0.1719592570401438 0.10110584518167456 0.03714799281006591
0 0.38467614533965244 0.17255841821449971 0.0947867298578199 0.03115638106650689
0 0.2401263823064771 0.170760934691432 0.0995260663507109 0.03235470341521869
0 0.3278041074249605 0.2402636309167166 0.09794628751974724 0.029958058717795086
0 0.7156398104265402 0.40143798681845416 0.1721958925750395 0.04553624925104853
0 0.3712480252764613 0.3744757339724386 0.15323854660347552 0.03235470341521869
0 0.21642969984202212 0.42420611144397846 0.15323854660347552 0.03834631515877771
0 0.37756714060031593 0.4487717195925704 0.0679304897314376 0.03235470341521869
0 0.1240126382306477 0.5026962252846016 0.08530805687203791 0.03235470341521869
0 0.23459715639810427 0.5032953864589574 0.11058451816745656 0.033553025763930495
0 0.40442338072669826 0.5044937088076693 0.15955766192733017 0.033553025763930495
