0 0.19075829383886256 0.13091671659676454 0.05608214849921011 0.04254044337926902
0 0.3080568720379147 0.13391252246854404 0.09636650868878358 0.04973037747153985
0 0.4040284360189573 0.13031755542240864 0.09557661927330173 0.04733373277411624
0 0.518957345971564 0.13061713600958658 0.09320695102685624 0.046734571599760334
0 0.641785150078989 0.13061713600958658 0.0971563981042654 0.04793289394847214
0 0.7867298578199052 0.13121629718394248 0.09636650868878358 0.04553624925104853
0 0.6315165876777251 0.21240263630916717 0.1018957345971564 0.06291192330736968
0 0.7776461295418641 0.21659676452965848 0.09557661927330173 0.048532055122828044
0 0.19826224328593997 0.4457759137207909 0.07424960505529225 0.04433792690233673
0 0.3305687203791469 0.44727381665668065 0.11453396524486571 0.04973037747153985
0 0.48183254344391785 0.44937088076692633 0.12006319115323855 0.05032953864589575
0 0.6386255924170616 0.4433792690233673 0.12085308056872038 0.05152786099460755
0 0.7772511848341233 0.4487717195925704 0.11848341232227488 0.05392450569203116
