0 0.3499210110584518 0.09736369083283404 0.15165876777251186 0.06890353505092871
0 0.5853080568720379 0.1189334931096465 0.16903633491311215 0.10365488316357101
0 0.32898894154818326 0.24206111443978431 0.16824644549763032 0.06351108448172559
0 0.5963665086887836 0.25314559616536847 0.22274881516587677 0.0677052127022169
0 0.28870458135860977 0.3693828639904134 0.16824644549763032 0.08208508088675855
0 0.48973143759873616 0.37687237866986223 0.12796208530805686 0.08148591971240264
0 0.7061611374407583 0.37058118633912523 0.17851500789889416 0.09886159376872379
0 0.23696682464454977 0.5662073097663272 0.08688783570300158 0.04793289394847214
0 0.4040284360189573 0.5473337327741162 0.09557661927330173 0.10365488316357101
0 0.5714849921011058 0.5826842420611145 0.0971563981042654 0.08328340323547034
0 0.7389415481832543 0.5820850808867586 0.13191153238546605 0.09406830437387657
