0 0.39968404423380727 0.25644098262432596 0.11848341232227488 0.06470940683043738
0 0.27014218009478674 0.2414619532654284 0.11532385466034754 0.0347513481126423
0 0.14533965244865718 0.25883762732174953 0.09636650868878358 0.06710605152786099
0 0.4060031595576619 0.4020371479928101 0.11532385466034754 0.06351108448172559
0 0.165086887835703 0.4056321150389455 0.13902053712480253 0.0683043738765728
0 0.5387045813586098 0.5110844817255842 0.1721958925750395 0.029958058717795086
0 0.3009478672985782 0.512282804074296 0.09794628751974724 0.029958058717795086
0 0.3957345971563981 0.49850209706411025 0.053712480252764615 0.02396644697423607
0 0.6406003159557662 0.585380467345716 0.2116903633491311 0.0347513481126423
0 0.344391785150079 0.5817855002995806 0.16903633491311215 0.0347513481126423
0 0.6192733017377567 0.6530856800479329 0.27330173775671407 0.04313960455362493
0 0.37756714060031593 0.8424206111443978 0.27330173775671407 0.03834631515877771
