0 0.14454976303317535 0.1165368484122229 0.12480252764612954 0.06411024565608149
0 0.3116113744075829 0.121929298981426 0.1382306477093207 0.07609346914319952
0 0.2796208530805687 0.19263031755542243 0.10426540284360189 0.06291192330736968
0 0.41824644549763035 0.21569802276812464 0.13033175355450236 0.08867585380467347
0 0.1919431279620853 0.20071899340922708 0.04897314375987362 0.04074295985620132
0 0.17535545023696683 0.2762133013780707 0.15323854660347552 0.052726183343319355
0 0.3392575039494471 0.2852007189934092 0.13981042654028436 0.06351108448172559
0 0.5687203791469194 0.11354104254044338 0.10900473933649289 0.059316956261234274
0 0.6919431279620853 0.11354104254044338 0.13428120063191154 0.05811863391252247
0 0.8289889415481833 0.11384062312762133 0.13191153238546605 0.05991611743559017
0 0.7112954186413902 0.19173157579388855 0.13033175355450236 0.05871779508687837
0 0.8463665086887836 0.19263031755542243 0.1429699842022117 0.06051527860994608
0 0.5521327014218009 0.35440383463151587 0.0631911532385466 0.059316956261234274
0 0.6883886255924171 0.3508088675853805 0.06398104265402843 0.059316956261234274
0 0.8072669826224328 0.35440383463151587 0.12954186413902052 0.08568004793289395
0 0.5489731437598736 0.4337926902336729 0.061611374407582936 0.05751947273816657
0 0.6970774091627172 0.44367884961054527 0.11453396524486571 0.07849011384062313
0 0.8270142180094786 0.45236668663870583 0.18009478672985782 0.10545236668663871
0 0.6015007898894155 0.5344517675254644 0.17140600315955765 0.10665068903535051
0 0.783175355450237 0.5353505092869982 0.18246445497630331 0.10605152786099462
0 0.5738546603475513 0.7210904733373278 0.11453396524486571 0.06171360095865788
0 0.7318325434439178 0.7243858597962852 0.11137440758293839 0.07070101857399641
0 0.8542654028436019 0.7198921509886159 0.12559241706161137 0.06291192330736968
0 0.688783570300158 0.8004793289394847 0.11058451816745656 0.06710605152786099
