0 0.28672985781990523 0.13421210305572198 0.10268562401263823 0.07789095266626722
0 0.43878357030015797 0.13750748951467945 0.10821484992101106 0.07369682444577591
0 0.6899684044233807 0.1354104254044338 0.15086887835703 0.07908927501497903
0 0.3274091627172196 0.27561414020371483 0.10505529225908372 0.08148591971240264
0 0.495260663507109 0.27651288196524865 0.11058451816745656 0.07968843618933494
0 0.669826224328594 0.27890952666267227 0.11058451816745656 0.07369682444577591
0 0.42101105845181674 0.4164170161773517 0.18009478672985782 0.08028759736369083
0 0.6303317535545023 0.41491911324146197 0.18167456556082148 0.07968843618933494
0 0.6962875197472354 0.505991611743559 0.17772511848341233 0.08208508088675855
0 0.42417061611374407 0.5065907729179149 0.18325434439178515 0.07849011384062313
0 0.41192733017377564 0.603654883163571 0.16192733017377567 0.08088675853804674
