0 0.49842022116903634 0.10874775314559616 0.16903633491311215 0.04493708807669263
0 0.490521327014218 0.189035350509287 0.08056872037914692 0.04373876572798083
0 0.48973143759873616 0.23247453565008988 0.07898894154818326 0.041941282204913125
0 0.4901263823064771 0.27531455961653684 0.08135860979462875 0.046135410425404436
0 0.4901263823064771 0.31635710005991613 0.06872037914691943 0.029958058717795086
0 0.48933649289099523 0.35140802875973637 0.07187993680884676 0.03175554224086279
0 0.490521327014218 0.3867585380467346 0.06477093206951026 0.02456560814859197
0 0.48973143759873616 0.4182144997004194 0.0679304897314376 0.022768124625524265
0 0.1872037914691943 0.5452366686638705 0.07898894154818326 0.07309766327142002
0 0.35308056872037913 0.5572198921509887 0.10742496050552923 0.1006590772917915
0 0.5059241706161137 0.5506291192330737 0.08135860979462875 0.08867585380467347
0 0.6244075829383886 0.5107849011384062 0.08925750394944708 0.04134212103055722
0 0.783175355450237 0.5665068903535051 0.14454976303317535 0.14679448771719594
0 0.6169036334913112 0.6081485919712403 0.053712480252764615 0.04793289394847214
0 0.6915481832543444 0.609346914319952 0.0655608214849921 0.033553025763930495
0 0.21090047393364927 0.7480527261833433 0.06951026856240126 0.059316956261234274
0 0.3787519747235387 0.7582384661473937 0.10347551342812006 0.08568004793289395
0 0.5181674565560821 0.7486518873576993 0.07109004739336493 0.0701018573996405
0 0.7610584518167457 0.7723187537447573 0.11769352290679305 0.1354104254044338
0 0.23222748815165875 0.8954463750748952 0.11058451816745656 0.04733373277411624
0 0.41824644549763035 0.8879568603954464 0.10505529225908372 0.08867585380467347
0 0.5588467614533965 0.8774715398442181 0.1066350710900474 0.07369682444577591
