0 0.2559241706161137 0.15937687237866988 0.06951026856240126 0.07429598562013182
0 0.3230647709320695 0.1590772917914919 0.06477093206951026 0.08088675853804674
0 0.38744075829383884 0.1578789694427801 0.0655608214849921 0.08088675853804674
0 0.4557661927330174 0.15727980826842422 0.06477093206951026 0.07849011384062313
0 0.565955766192733 0.16087477531455963 0.0655608214849921 0.07729179149191133
0 0.6275671406003159 0.158478130617136 0.052922590837282776 0.07609346914319952
0 0.6986571879936809 0.158478130617136 0.04976303317535545 0.08088675853804674
0 0.764218009478673 0.15727980826842422 0.054502369668246446 0.07849011384062313
0 0.24921011058451817 0.2543439185140803 0.05134281200631911 0.0677052127022169
0 0.3147709320695103 0.25344517675254646 0.05134281200631911 0.0695026962252846
0 0.38467614533965244 0.25344517675254646 0.053712480252764615 0.07070101857399641
0 0.4510268562401264 0.25344517675254646 0.05529225908372828 0.07669263031755542
0 0.556872037914692 0.25704014379868184 0.044233807266982623 0.0659077291791492
0 0.6255924170616114 0.25524266027561415 0.037914691943127965 0.06710605152786099
0 0.6947077409162717 0.2546434991012582 0.045023696682464455 0.07429598562013182
0 0.7559241706161137 0.25224685440383465 0.045813586097946286 0.07429598562013182
0 0.25 0.3457159976033553 0.06240126382306477 0.05632115038945477
0 0.315955766192733 0.3439185140802876 0.053712480252764615 0.06111443978430198
0 0.3834913112164297 0.3427201917315758 0.052922590837282776 0.05991611743559017
0 0.45300157977883093 0.3433193529059317 0.05608214849921011 0.0683043738765728
0 0.5572669826224329 0.34481725584182144 0.045023696682464455 0.059316956261234274
0 0.6244075829383886 0.3436189334931097 0.04028436018957346 0.06051527860994608
0 0.6899684044233807 0.34301977231875375 0.04186413902053712 0.0665068903535051
0 0.7582938388625592 0.3439185140802876 0.044233807266982623 0.06231276213301378
0 0.1749605055292259 0.4421809466746555 0.0655608214849921 0.07189934092270821
0 0.240521327014218 0.44128220491312165 0.06240126382306477 0.07489514679448772
0 0.3056872037914692 0.44128220491312165 0.0631911532385466 0.07609346914319952
0 0.3696682464454976 0.4421809466746555 0.06477093206951026 0.07429598562013182
0 0.4490521327014218 0.4406830437387657 0.07503949447077408 0.07249850209706411
0 0.5379146919431279 0.4439784301977232 0.05529225908372828 0.07070101857399641
0 0.6046603475513428 0.438885560215698 0.052922590837282776 0.07729179149191133
0 0.674565560821485 0.4409826243259437 0.04897314375987362 0.07789095266626722
0 0.735387045813586 0.4403834631515878 0.05845181674565561 0.07549430796884363
0 0.8100315955766193 0.43918514080287596 0.07661927330173776 0.08028759736369083
0 0.1674565560821485 0.5416417016177352 0.05529225908372828 0.07549430796884363
0 0.235781990521327 0.5386458957459557 0.052922590837282776 0.08148591971240264
0 0.31003159557661925 0.5479328939484721 0.07187993680884676 0.0677052127022169
0 0.38191153238546605 0.5467345715997604 0.07819905213270142 0.06411024565608149
0 0.4518167456556082 0.54823247453565 0.07898894154818326 0.0683043738765728
0 0.5379146919431279 0.5413421210305572 0.045813586097946286 0.07729179149191133
0 0.6046603475513428 0.5389454763331336 0.04976303317535545 0.08448172558418214
0 0.6800947867298578 0.5485320551228281 0.06635071090047394 0.0677052127022169
0 0.7484202211690363 0.5467345715997604 0.06714060031595577 0.06530856800479329
0 0.8214849921011058 0.5479328939484721 0.08214849921011058 0.0665068903535051
