0 0.2772511848341232 0.10455362492510485 0.1358609794628752 0.08568004793289395
0 0.43838862559241704 0.10964649490713002 0.14218009478672985 0.09466746554823248
0 0.5876777251184834 0.12282804074295986 0.11058451816745656 0.11863391252246855
0 0.7322274881516587 0.12402636309167166 0.11216429699842022 0.11863391252246855
0 0.28001579778830965 0.23487118034751348 0.10979462875197472 0.11743559017375674
0 0.42575039494470773 0.23517076093469144 0.11058451816745656 0.11443978430197724
0 0.584913112164297 0.23547034152186938 0.11137440758293839 0.11384062312762133
0 0.7259083728278041 0.23277411623726782 0.11058451816745656 0.11443978430197724
0 0.2835703001579779 0.35470341521869386 0.12796208530805686 0.08987417615338526
0 0.42693522906793047 0.3556021569802277 0.0655608214849921 0.04373876572798083
