0 0.19115323854660346 0.10275614140203715 0.12006319115323855 0.07849011384062313
0 0.36492890995260663 0.10395446375074896 0.11690363349131122 0.056920311563810666
0 0.19312796208530805 0.19292989814260036 0.16824644549763032 0.0695026962252846
0 0.19273301737756715 0.27231875374475734 0.11058451816745656 0.046135410425404436
0 0.3641390205371248 0.19263031755542243 0.16903633491311215 0.06890353505092871
0 0.36492890995260663 0.28160575194727383 0.18799368088467613 0.07429598562013182
0 0.2768562401263823 0.34481725584182144 0.10347551342812006 0.04373876572798083
0 0.1966824644549763 0.7231875374475734 0.11532385466034754 0.0347513481126423
0 0.5683254344391785 0.7243858597962852 0.08293838862559241 0.039544637507489516
0 0.5699052132701422 0.7831036548831636 0.08293838862559241 0.05991611743559017
0 0.19786729857819904 0.8765727980826843 0.11611374407582938 0.039544637507489516
