0 0.35624012638230645 0.1426003594967046 0.23854660347551343 0.046734571599760334
0 0.6429699842022116 0.14469742360695026 0.24644549763033174 0.04733373277411624
0 0.2981832543443918 0.19472738166566808 0.04976303317535545 0.028759736369083286
0 0.36097946287519744 0.19592570401437986 0.05687203791469194 0.028759736369083286
0 0.4273301737756714 0.19502696225284602 0.053712480252764615 0.0341521869382864
0 0.5161927330173776 0.19472738166566808 0.09557661927330173 0.04793289394847214
0 0.6196682464454977 0.19472738166566808 0.0924170616113744 0.028759736369083286
0 0.7112954186413902 0.19532654284002396 0.07661927330173776 0.033553025763930495
0 0.3495260663507109 0.26033553025763934 0.21879936808846762 0.04973037747153985
0 0.6137440758293838 0.2597363690832834 0.25118483412322273 0.06291192330736968
0 0.7243285939968405 0.4433792690233673 0.2480252764612954 0.05632115038945477
