0 0.4510268562401264 0.1165368484122229 0.16903633491311215 0.05212702216896345
0 0.6263823064770931 0.11923307369682445 0.1674565560821485 0.05032953864589575
0 0.8005529225908373 0.11563810665068903 0.1429699842022117 0.08987417615338526
0 0.45063191153238547 0.19173157579388855 0.16666666666666666 0.04313960455362493
0 0.6244075829383886 0.19143199520671061 0.160347551342812 0.06291192330736968
0 0.7993680884676145 0.19203115638106652 0.1674565560821485 0.05572198921509886
0 0.7993680884676145 0.268124625524266 0.10742496050552923 0.0677052127022169
0 0.6303317535545023 0.26542840023966446 0.1674565560821485 0.06351108448172559
0 0.4510268562401264 0.2669263031755542 0.12954186413902052 0.06411024565608149
0 0.45023696682464454 0.3409227082085081 0.15165876777251186 0.06111443978430198
0 0.6255924170616114 0.3406231276213301 0.12322274881516587 0.06530856800479329
0 0.7993680884676145 0.3409227082085081 0.10426540284360189 0.05871779508687837
0 0.8005529225908373 0.41581785500299584 0.16824644549763032 0.05032953864589575
0 0.6244075829383886 0.41461953265428403 0.16666666666666666 0.05032953864589575
0 0.4490521327014218 0.41461953265428403 0.16666666666666666 0.05152786099460755
