0 0.20971563981042654 0.11084481725584182 0.08767772511848342 0.028759736369083286
0 0.38941548183254343 0.11294188136608747 0.15639810426540285 0.05452366686638706
0 0.6196682464454977 0.12672258837627323 0.08925750394944708 0.03055721989215099
0 0.7942338072669826 0.12552426602756142 0.15876777251184834 0.053325344517675254
0 0.20774091627172195 0.1902336728579988 0.15481832543443919 0.05811863391252247
0 0.39731437598736175 0.18993409227082086 0.15639810426540285 0.05751947273816657
0 0.6038704581358609 0.22947872977831038 0.15876777251184834 0.0683043738765728
0 0.7823854660347551 0.2300778909526663 0.15718799368088468 0.06710605152786099
0 0.19036334913112163 0.2938885560215698 0.12164296998420221 0.06171360095865788
0 0.6015007898894155 0.35020970641102456 0.15876777251184834 0.0665068903535051
0 0.7748815165876777 0.35020970641102456 0.1579778830963665 0.0665068903535051
0 0.6990521327014217 0.45835829838226483 0.14691943127962084 0.06351108448172559
0 0.7112954186413902 0.542840023966447 0.16350710900473933 0.06231276213301378
0 0.7057661927330173 0.6285200718993409 0.15718799368088468 0.06231276213301378
