0 0.4368088467614534 0.4194128220491312 0.0947867298578199 0.052726183343319355
0 0.32187993680884674 0.41551827441581785 0.08293838862559241 0.04493708807669263
0 0.2033965244865719 0.4161174355901738 0.08609794628751975 0.048532055122828044
0 0.10781990521327015 0.4182144997004194 0.052922590837282776 0.052726183343319355
0 0.18285939968404424 0.48322348711803476 0.1872037914691943 0.059316956261234274
0 0.325434439178515 0.481725584182145 0.09004739336492891 0.05152786099460755
0 0.43364928909952605 0.48202516476932294 0.08846761453396525 0.05452366686638706
0 0.1702211690363349 0.5674056321150389 0.174565560821485 0.05632115038945477
0 0.2424960505529226 0.5389454763331336 0.08846761453396525 0.03175554224086279
0 0.3767772511848341 0.5665068903535051 0.21800947867298578 0.06171360095865788
0 0.3088467614533965 0.7513481126423008 0.10900473933649289 0.05392450569203116
0 0.2638230647709321 0.805272618334332 0.10110584518167456 0.03714799281006591
0 0.466824644549763 0.7429598562013182 0.09320695102685624 0.0683043738765728
0 0.6406003159557662 0.749850209706411 0.09636650868878358 0.05092869982025165
0 0.2863349131121643 0.8753744757339724 0.146129541864139 0.0683043738765728
0 0.5035545023696683 0.8079688436189335 0.11769352290679305 0.035350509286998205
0 0.4743285939968404 0.8726782504493709 0.18404423380726698 0.059316956261234274
0 0.6883886255924171 0.8064709406830437 0.13507109004739337 0.03235470341521869
0 0.6875987361769352 0.8705811863391253 0.1966824644549763 0.06470940683043738
