0 0.391390205371248 0.1390053924505692 0.06714060031595577 0.06351108448172559
0 0.3909952606635071 0.2061114439784302 0.07898894154818326 0.05632115038945477
0 0.39060031595576616 0.27052127022168965 0.07345971563981042 0.05452366686638706
0 0.3909952606635071 0.33582983822648294 0.06003159557661927 0.06291192330736968
0 0.39178515007898895 0.40533253445176753 0.07898894154818326 0.05811863391252247
0 0.3921800947867298 0.4736369083283403 0.05766192733017377 0.06171360095865788
0 0.39178515007898895 0.5458358298382265 0.05687203791469194 0.06231276213301378
0 0.39178515007898895 0.6135410425404434 0.05845181674565561 0.05632115038945477
0 0.39257503949447076 0.6812462552426602 0.05845181674565561 0.06231276213301378
0 0.39060031595576616 0.7543439185140803 0.05608214849921011 0.06351108448172559
0 0.391390205371248 0.8259436788496106 0.060821484992101105 0.059316956261234274
0 0.39060031595576616 0.8978430197723187 0.07661927330173776 0.05811863391252247
