0 0.18759873617693523 0.12133013780707011 0.08925750394944708 0.06051527860994608
0 0.2918641390205371 0.11414020371479928 0.08925750394944708 0.056920311563810666
0 0.3957345971563981 0.11563810665068903 0.08214849921011058 0.08268424206111444
0 0.49921011058451814 0.11863391252246855 0.08688783570300158 0.06470940683043738
0 0.6042654028436019 0.11473936488915519 0.07266982622432859 0.08208508088675855
0 0.707740916271722 0.11324146195326543 0.06635071090047394 0.07789095266626722
0 0.811216429699842 0.11384062312762133 0.08372827804107424 0.046734571599760334
0 0.19036334913112163 0.23127621330137807 0.08846761453396525 0.05392450569203116
0 0.2942338072669826 0.23247453565008988 0.08609794628751975 0.05632115038945477
0 0.3981042654028436 0.22288795686039545 0.07109004739336493 0.07309766327142002
0 0.5 0.22947872977831038 0.06635071090047394 0.08388256440982625
0 0.6026856240126383 0.22828040742959857 0.06951026856240126 0.08028759736369083
0 0.7065560821484992 0.22947872977831038 0.04186413902053712 0.08508088675853805
0 0.8104265402843602 0.2285799880167765 0.08688783570300158 0.08208508088675855
0 0.811216429699842 0.33493109646494906 0.03317535545023697 0.08508088675853805
0 0.7081358609794629 0.33073696824445775 0.08767772511848342 0.07549430796884363
0 0.6042654028436019 0.3343319352905932 0.03475513428120063 0.08627920910724986
0 0.5003949447077409 0.32893948472139006 0.08609794628751975 0.07309766327142002
0 0.3957345971563981 0.347513481126423 0.09004739336492891 0.029958058717795086
0 0.29265402843601895 0.3346315158777711 0.0339652448657188 0.08568004793289395
0 0.18878357030015797 0.33073696824445775 0.08688783570300158 0.07669263031755542
0 0.18759873617693523 0.4284002396644698 0.08609794628751975 0.04913121629718394
0 0.1891785150078989 0.5509286998202516 0.052922590837282776 0.08328340323547034
0 0.2914691943127962 0.5503295386458957 0.08530805687203791 0.08088675853804674
0 0.3981042654028436 0.5518274415817855 0.08372827804107424 0.08627920910724986
0 0.49960505529225907 0.5503295386458957 0.05608214849921011 0.05452366686638706
0 0.6026856240126383 0.5485320551228281 0.07582938388625593 0.07849011384062313
0 0.7069510268562401 0.5569203115638107 0.07266982622432859 0.06411024565608149
0 0.811216429699842 0.5515278609946076 0.06477093206951026 0.05452366686638706
0 0.18996840442338073 0.6515877771120432 0.06398104265402843 0.07849011384062313
0 0.29541864139020535 0.6545835829838227 0.06477093206951026 0.053325344517675254
0 0.39928909952606634 0.6545835829838227 0.06872037914691943 0.08208508088675855
0 0.5027646129541864 0.6602756141402037 0.07819905213270142 0.06351108448172559
