0 0.38981042654028436 0.12612342720191733 0.1334913112164297 0.07968843618933494
0 0.16192733017377567 0.2573397243858598 0.12164296998420221 0.08208508088675855
0 0.38744075829383884 0.24685440383463153 0.12085308056872038 0.07908927501497903
0 0.6157187993680885 0.25224685440383465 0.1240126382306477 0.08148591971240264
0 0.8238546603475513 0.25314559616536847 0.10900473933649289 0.08208508088675855
0 0.4000789889415482 0.3750748951467945 0.1429699842022117 0.08388256440982625
0 0.6121642969984202 0.3813660874775315 0.10742496050552923 0.07968843618933494
0 0.8305687203791469 0.37297783103654886 0.1334913112164297 0.09646494907130018
0 0.13072669826224328 0.5572198921509887 0.08293838862559241 0.0695026962252846
0 0.31121642969984203 0.554823247453565 0.09004739336492891 0.07309766327142002
0 0.5082938388625592 0.549131216297184 0.08135860979462875 0.07968843618933494
0 0.6856240126382306 0.5545236668663871 0.08056872037914692 0.08208508088675855
0 0.8669036334913112 0.5584182144997004 0.08135860979462875 0.08388256440982625
0 0.32701421800947866 0.6851408028759737 0.07582938388625593 0.07729179149191133
0 0.5225118483412322 0.7037147992810066 0.07977883096366509 0.07849011384062313
0 0.7203791469194313 0.6875374475733973 0.08056872037914692 0.07968843618933494
