0 0.3325434439178515 0.11174355901737568 0.2575039494470774 0.09886159376872379
0 0.6662717219589257 0.10964649490713002 0.2551342812006319 0.09706411024565609
0 0.35308056872037913 0.27561414020371483 0.20853080568720378 0.09826243259436789
0 0.6662717219589257 0.28160575194727383 0.19510268562401265 0.09826243259436789
0 0.22906793048973143 0.5002995805871779 0.12164296998420221 0.05751947273816657
0 0.41113744075829384 0.49970041941282206 0.11769352290679305 0.06111443978430198
0 0.5892575039494471 0.49970041941282206 0.12006319115323855 0.05871779508687837
0 0.7657977883096366 0.5017974835230677 0.1287519747235387 0.07489514679448772
0 0.41429699842022116 0.6273217495506291 0.1240126382306477 0.06231276213301378
0 0.5908372827804107 0.6309167165967645 0.12480252764612954 0.05632115038945477
0 0.7748815165876777 0.6294188136608748 0.1358609794628752 0.0677052127022169
