0 0.2014218009478673 0.40053924505692035 0.07898894154818326 0.06291192330736968
0 0.315955766192733 0.38615937687237867 0.07898894154818326 0.02696225284601558
0 0.45932069510268564 0.40233672857998803 0.14454976303317535 0.08088675853804674
0 0.7334123222748815 0.40473337327741166 0.14454976303317535 0.08088675853804674
0 0.32898894154818326 0.5368484122228879 0.11927330173775672 0.08148591971240264
0 0.6133491311216429 0.5290593169562613 0.15402843601895735 0.08627920910724986
0 0.2721169036334913 0.7396644697423607 0.13665086887835703 0.07849011384062313
0 0.4000789889415482 0.7153984421809467 0.0924170616113744 0.015578190533253445
0 0.5809636650868878 0.7399640503295387 0.2330173775671406 0.07669263031755542
0 0.3246445497630332 0.87866986219293 0.21958925750394945 0.07729179149191133
0 0.6860189573459715 0.8690832834032355 0.21879936808846762 0.08568004793289395
