0 0.15086887835703 0.18064709406830437 0.08846761453396525 0.05452366686638706
0 0.14968404423380727 0.26333133612941884 0.0971563981042654 0.05452366686638706
0 0.15007898894154817 0.34541641701617737 0.10110584518167456 0.05452366686638706
0 0.14928909952606634 0.42899940083882565 0.09636650868878358 0.05392450569203116
0 0.14928909952606634 0.5116836428999401 0.08372827804107424 0.05512282804074296
0 0.14928909952606634 0.5943678849610545 0.08530805687203791 0.05512282804074296
0 0.14968404423380727 0.677052127022169 0.1066350710900474 0.05392450569203116
0 0.1504739336492891 0.7603355302576393 0.08925750394944708 0.05512282804074296
0 0.14889415481832544 0.8433193529059317 0.08767772511848342 0.05452366686638706
0 0.5738546603475513 0.18094667465548234 0.08767772511848342 0.05512282804074296
0 0.5734597156398105 0.26423007789095265 0.07898894154818326 0.05512282804074296
0 0.5738546603475513 0.3469143199520671 0.08609794628751975 0.05512282804074296
0 0.5738546603475513 0.4316956261234272 0.08925750394944708 0.06171360095865788
0 0.575434439178515 0.5191731575793889 0.11453396524486571 0.06411024565608149
0 0.5738546603475513 0.6012582384661475 0.08767772511848342 0.05452366686638706
0 0.5734597156398105 0.6803475134811264 0.0995260663507109 0.05452366686638706
0 0.5730647709320695 0.7516476932294788 0.0971563981042654 0.040143798681845415
