0 0.2705371248025276 0.11054523666866388 0.08135860979462875 0.04973037747153985
0 0.3597946287519747 0.11114439784301977 0.060821484992101105 0.04373876572798083
0 0.4352290679304897 0.1431995206710605 0.08846761453396525 0.04793289394847214
0 0.5572669826224329 0.12043139604553625 0.11769352290679305 0.0659077291791492
0 0.7187993680884676 0.11923307369682445 0.10426540284360189 0.06710605152786099
0 0.33649289099526064 0.24565608148591972 0.10110584518167456 0.0683043738765728
0 0.49644549763033174 0.24505692031156381 0.10505529225908372 0.0683043738765728
0 0.6453396524486572 0.24236069502696225 0.11532385466034754 0.0701018573996405
0 0.31990521327014215 0.35140802875973637 0.11374407582938388 0.06890353505092871
0 0.47709320695102686 0.35050928699820255 0.11532385466034754 0.0695026962252846
0 0.6409952606635071 0.35710005991611743 0.1334913112164297 0.07908927501497903
0 0.3281990521327014 0.46554823247453564 0.13191153238546605 0.07669263031755542
0 0.6236176935229067 0.4508687837028161 0.1287519747235387 0.03654883163571001
