0 0.33649289099526064 0.11234272019173158 0.1769352290679305 0.10365488316357101
0 0.5106635071090048 0.11983223487118035 0.15718799368088468 0.08747753145596165
0 0.6729857819905213 0.11743559017375674 0.15639810426540285 0.08747753145596165
0 0.292259083728278 0.2890952666267226 0.1311216429699842 0.048532055122828044
0 0.5248815165876777 0.29059316956261233 0.146129541864139 0.08148591971240264
0 0.6994470774091627 0.2890952666267226 0.1524486571879937 0.08687837028160575
0 0.3744075829383886 0.36758538046734573 0.04107424960505529 0.025763930497303775
0 0.434044233807267 0.3678849610545237 0.038704581358609796 0.02756141402037148
0 0.49447077409162715 0.36668663870581186 0.04897314375987362 0.025164769322947873
0 0.5572669826224329 0.36578789694427805 0.045023696682464455 0.0329538645895746
0 0.6149289099526066 0.3672857998801678 0.038704581358609796 0.029958058717795086
0 0.28554502369668244 0.48112642300778913 0.052922590837282776 0.05032953864589575
0 0.410347551342812 0.4805272618334332 0.10347551342812006 0.05871779508687837
0 0.5572669826224329 0.48112642300778913 0.10505529225908372 0.04793289394847214
0 0.33175355450236965 0.5416417016177352 0.13902053712480253 0.05991611743559017
0 0.49644549763033174 0.542240862792091 0.10821484992101106 0.05991611743559017
0 0.6429699842022116 0.542240862792091 0.10742496050552923 0.05632115038945477
0 0.30647709320695105 0.6348112642300779 0.10268562401263823 0.0341521869382864
0 0.46800947867298576 0.6378070701018574 0.12559241706161137 0.059316956261234274
0 0.6449447077409163 0.6363091671659676 0.1334913112164297 0.05751947273816657
0 0.2981832543443918 0.7034152186938286 0.07503949447077408 0.035949670461354104
0 0.42298578199052134 0.7040143798681846 0.1066350710900474 0.05632115038945477
0 0.5647709320695102 0.7049131216297184 0.10742496050552923 0.05811863391252247
0 0.707345971563981 0.7025164769322948 0.1066350710900474 0.056920311563810666
0 0.30055292259083727 0.7702216896345117 0.07977883096366509 0.059316956261234274
0 0.4636650868878357 0.7708208508088676 0.1579778830963665 0.05572198921509886
0 0.6579778830963665 0.7696225284601558 0.14691943127962084 0.05572198921509886
