0 0.27606635071090047 0.11144397843019772 0.06872037914691943 0.04913121629718394
0 0.4087677725118483 0.11294188136608747 0.09399684044233807 0.04973037747153985
0 0.5390995260663507 0.1165368484122229 0.0924170616113744 0.06530856800479329
0 0.6883886255924171 0.11863391252246855 0.1382306477093207 0.06470940683043738
0 0.21721958925750395 0.26243259436788496 0.0947867298578199 0.028759736369083286
0 0.38072669826224326 0.2762133013780707 0.0947867298578199 0.05871779508687837
0 0.5359399684044234 0.2606351108448173 0.11137440758293839 0.05032953864589575
0 0.6864139020537124 0.2669263031755542 0.11374407582938388 0.06291192330736968
0 0.41390205371248023 0.35949670461354105 0.10742496050552923 0.0659077291791492
0 0.5616113744075829 0.3591971240263631 0.09636650868878358 0.06171360095865788
0 0.7606635071090048 0.36129418813660874 0.1406003159557662 0.0659077291791492
