0 0.2669826224328594 0.1426003594967046 0.08688783570300158 0.07189934092270821
0 0.5627962085308057 0.14289994008388257 0.08609794628751975 0.0713001797483523
0 0.26619273301737756 0.23636908328340325 0.11374407582938388 0.0701018573996405
0 0.560821484992101 0.23696824445775913 0.08846761453396525 0.08088675853804674
0 0.2665876777251185 0.3325344517675255 0.11453396524486571 0.07070101857399641
0 0.5639810426540284 0.3343319352905932 0.08846761453396525 0.08148591971240264
0 0.2677725118483412 0.432893948472139 0.08372827804107424 0.0713001797483523
0 0.5639810426540284 0.4316956261234272 0.08214849921011058 0.08088675853804674
0 0.2673775671406003 0.524266027561414 0.1018957345971564 0.0683043738765728
0 0.5647709320695102 0.5248651887357699 0.09794628751974724 0.07189934092270821
