0 0.23143759873617692 0.12582384661473936 0.12796208530805686 0.07309766327142002
0 0.38704581358609796 0.12282804074295986 0.11532385466034754 0.0695026962252846
0 0.5489731437598736 0.12612342720191733 0.11532385466034754 0.07489514679448772
0 0.7650078988941548 0.12522468544038345 0.23933649289099526 0.09706411024565609
0 0.24289099526066352 0.27171959257040146 0.12085308056872038 0.06411024565608149
0 0.391390205371248 0.27231875374475734 0.11611374407582938 0.06291192330736968
0 0.5513428120063191 0.274116237267825 0.12480252764612954 0.06411024565608149
0 0.7654028436018957 0.2720191731575794 0.23696682464454977 0.08508088675853805
0 0.6200631911532385 0.35440383463151587 0.11848341232227488 0.04134212103055722
0 0.31990521327014215 0.5110844817255842 0.16903633491311215 0.08627920910724986
