0 0.16864139020537125 0.12911923307369683 0.174565560821485 0.09286998202516478
0 0.40165876777251186 0.12971839424805273 0.174565560821485 0.09167165967645297
0 0.717219589257504 0.1348112642300779 0.07266982622432859 0.1042540443379269
0 0.6390205371248026 0.2495506291192331 0.08688783570300158 0.025763930497303775
0 0.636650868878357 0.2762133013780707 0.08530805687203791 0.03115638106650689
0 0.6374407582938388 0.30407429598562014 0.08372827804107424 0.025763930497303775
0 0.6398104265402843 0.3304373876572798 0.08530805687203791 0.029358897543439184
0 0.641390205371248 0.35949670461354105 0.08530805687203791 0.019173157579388856
0 0.6346761453396524 0.38825644098262435 0.08293838862559241 0.02037147992810066
0 0.6346761453396524 0.4164170161773517 0.07187993680884676 0.022768124625524265
0 0.6390205371248026 0.4433792690233673 0.07424960505529225 0.015578190533253445
0 0.636650868878357 0.4712402636309167 0.08530805687203791 0.01737567405632115
0 0.6406003159557662 0.49730377471539844 0.09004739336492891 0.021569802276812464
0 0.6370458135860979 0.5227681246255242 0.09083728278041074 0.016177351707609346
0 0.6374407582938388 0.5542240862792092 0.08372827804107424 0.02037147992810066
0 0.641390205371248 0.5811863391252247 0.08846761453396525 0.02037147992810066
0 0.6398104265402843 0.6075494307968844 0.08530805687203791 0.013181545835829839
0 0.6382306477093207 0.634212103055722 0.08846761453396525 0.025763930497303775
