0 0.20695102685624012 0.11204313960455363 0.1674565560821485 0.06710605152786099
0 0.42298578199052134 0.11983223487118035 0.2014218009478673 0.0659077291791492
0 0.6172985781990521 0.11563810665068903 0.18562401263823064 0.0683043738765728
0 0.8021327014218009 0.11623726782504494 0.17772511848341233 0.0695026962252846
0 0.18562401263823064 0.23457159976033554 0.18009478672985782 0.05572198921509886
0 0.4048183254344392 0.2360695026962253 0.2014218009478673 0.05871779508687837
0 0.5955766192733017 0.23457159976033554 0.18799368088467613 0.06411024565608149
0 0.8088467614533965 0.23247453565008988 0.18641390205371247 0.05991611743559017
0 0.8088467614533965 0.32294787297783106 0.23222748815165875 0.05871779508687837
0 0.593996840442338 0.3250449370880767 0.1769352290679305 0.06530856800479329
0 0.4028436018957346 0.3199520671060515 0.18799368088467613 0.06351108448172559
0 0.1915481832543444 0.31965248651887357 0.18404423380726698 0.07249850209706411
0 0.8052922590837283 0.4071300179748352 0.18404423380726698 0.06530856800479329
0 0.5975513428120063 0.4008388256440983 0.17614533965244866 0.05871779508687837
0 0.39652448657187994 0.4056321150389455 0.21800947867298578 0.05751947273816657
0 0.18285939968404424 0.4110245656081486 0.19826224328593997 0.05991611743559017
0 0.39691943127962087 0.4829239065308568 0.1872037914691943 0.05512282804074296
0 0.1848341232227488 0.4865188735769922 0.19273301737756715 0.05991611743559017
0 0.6315165876777251 0.6084481725584182 0.18088467614533965 0.0665068903535051
0 0.4214060031595577 0.5979628520071899 0.2093206951026856 0.06231276213301378
0 0.20221169036334913 0.6027561414020371 0.18009478672985782 0.07189934092270821
