0 0.24210110584518166 0.1336129418813661 0.0703001579778831 0.1018573996405033
0 0.12322274881516587 0.24475733972438588 0.07740916271721959 0.04733373277411624
0 0.14731437598736177 0.28819652486518876 0.08293838862559241 0.03714799281006591
0 0.14218009478672985 0.3202516476932295 0.10900473933649289 0.022168963451168366
0 0.14218009478672985 0.34421809466746556 0.10584518167456555 0.029358897543439184
0 0.15086887835703 0.37687237866986223 0.07582938388625593 0.025164769322947873
0 0.3499210110584518 0.24805272618334331 0.10110584518167456 0.025164769322947873
0 0.35308056872037913 0.27471539844218096 0.10742496050552923 0.028160575194727384
0 0.3420221169036335 0.3016776512881965 0.07582938388625593 0.019772318753744758
0 0.35150078988941547 0.3316357100059916 0.09794628751974724 0.0341521869382864
0 0.3902053712480253 0.13271420011983223 0.06003159557661927 0.1012582384661474
0 0.7160347551342812 0.121929298981426 0.20458135860979462 0.053325344517675254
0 0.6804897314375987 0.24865188735769922 0.0655608214849921 0.026363091671659677
0 0.6757503949447077 0.28190533253445177 0.06714060031595577 0.02696225284601558
0 0.6785150078988942 0.31366087477531457 0.07266982622432859 0.029358897543439184
0 0.6800947867298578 0.34541641701617737 0.061611374407582936 0.029358897543439184
0 0.6793048973143759 0.37687237866986223 0.0631911532385466 0.025164769322947873
0 0.6765402843601895 0.4017375674056321 0.05924170616113744 0.018573996405032954
0 0.6820695102685624 0.43109646494907133 0.08925750394944708 0.02696225284601558
0 0.6828593996840442 0.4736369083283403 0.09399684044233807 0.025763930497303775
0 0.6816745655608215 0.5215698022768125 0.08214849921011058 0.03175554224086279
0 0.6828593996840442 0.5593169562612342 0.09083728278041074 0.035350509286998205
