0 0.7270932069510269 0.11204313960455363 0.11611374407582938 0.05871779508687837
0 0.528041074249605 0.11234272019173158 0.11769352290679305 0.05572198921509886
0 0.3590047393364929 0.11084481725584182 0.0703001579778831 0.05032953864589575
0 0.22906793048973143 0.11144397843019772 0.0679304897314376 0.05152786099460755
0 0.7342022116903634 0.24266027561414022 0.14454976303317535 0.05751947273816657
0 0.4802527646129542 0.24056321150389456 0.18325434439178515 0.09526662672258839
0 0.25434439178515006 0.41671659676452966 0.07740916271721959 0.05092869982025165
0 0.44944707740916273 0.4173157579388856 0.1263823064770932 0.0665068903535051
0 0.6986571879936809 0.4182144997004194 0.1872037914691943 0.09586578789694428
0 0.2586887835703002 0.5811863391252247 0.06714060031595577 0.05152786099460755
0 0.44352290679304895 0.5865787896944278 0.11769352290679305 0.05991611743559017
0 0.6875987361769352 0.5865787896944278 0.18404423380726698 0.0994607549430797
