0 0.2673775671406003 0.11174355901737568 0.05766192733017377 0.029358897543439184
0 0.429304897314376 0.10545236668663871 0.05608214849921011 0.041941282204913125
0 0.6425750394944708 0.10545236668663871 0.045023696682464455 0.04313960455362493
0 0.3704581358609795 0.2648292390653086 0.10584518167456555 0.07429598562013182
0 0.27527646129541866 0.5260635110844817 0.05766192733017377 0.029958058717795086
0 0.38665086887835703 0.5188735769922109 0.05924170616113744 0.041941282204913125
0 0.5288309636650869 0.518573996405033 0.04660347551342812 0.04134212103055722
0 0.6868088467614534 0.5023966446974236 0.10821484992101106 0.07729179149191133
0 0.12480252764612954 0.6851408028759737 0.05845181674565561 0.028160575194727384
0 0.2713270142180095 0.6659676452965848 0.05766192733017377 0.0677052127022169
0 0.43838862559241704 0.6662672258837627 0.045813586097946286 0.06710605152786099
0 0.28475513428120064 0.8031755542240863 0.10821484992101106 0.07489514679448772
