0 0.2424960505529226 0.1273217495506291 0.08056872037914692 0.048532055122828044
0 0.3274091627172196 0.10635110844817255 0.04818325434439179 0.03175554224086279
0 0.4372037914691943 0.12612342720191733 0.09557661927330173 0.05572198921509886
0 0.7006319115323855 0.12852007189934092 0.19115323854660346 0.09047333732774117
0 0.5545023696682464 0.18693828639904134 0.06477093206951026 0.10784901138406232
0 0.6990521327014217 0.29808268424206114 0.2037914691943128 0.08927501497902936
0 0.8451816745655608 0.6980227681246255 0.13902053712480253 0.05152786099460755
0 0.6220379146919431 0.7004194128220491 0.20458135860979462 0.0695026962252846
0 0.8744075829383886 0.7837028160575195 0.044233807266982623 0.026363091671659677
0 0.6275671406003159 0.7834032354703415 0.04660347551342812 0.029358897543439184
