0 0.11492890995260663 0.21060515278609945 0.060821484992101105 0.12522468544038345
0 0.2650078988941548 0.21240263630916717 0.1018957345971564 0.1288196524865189
0 0.4036334913112164 0.2091072498502097 0.10426540284360189 0.12342720191731577
0 0.1283570300157978 0.3816656680647094 0.06240126382306477 0.1030557219892151
0 0.2037914691943128 0.38076692630317555 0.061611374407582936 0.10005991611743559
0 0.30252764612954186 0.38286399041342123 0.0631911532385466 0.1042540443379269
0 0.38507109004739337 0.38016776512881967 0.06240126382306477 0.10005991611743559
0 0.5067140600315956 0.5503295386458957 0.14454976303317535 0.07369682444577591
0 0.3882306477093207 0.6315158777711204 0.02448657187993681 0.016776512881965248
0 0.38783570300157977 0.6563810665068903 0.02843601895734597 0.007789095266626723
0 0.3882306477093207 0.6797483523067706 0.022906793048973143 0.01737567405632115
0 0.3882306477093207 0.7088076692630317 0.045023696682464455 0.02037147992810066
0 0.3886255924170616 0.7399640503295387 0.030015797788309637 0.019173157579388856
0 0.3882306477093207 0.7702216896345117 0.04818325434439179 0.018573996405032954
0 0.3882306477093207 0.7995805871779509 0.05134281200631911 0.018573996405032954
0 0.3882306477093207 0.8292390653085681 0.0655608214849921 0.017974835230677052
0 0.3882306477093207 0.8594967046135411 0.05766192733017377 0.018573996405032954
0 0.38783570300157977 0.8939484721390054 0.09794628751974724 0.02756141402037148
