0 0.16192733017377567 0.13211503894547633 0.08372827804107424 0.09286998202516478
0 0.4036334913112164 0.1336129418813661 0.08530805687203791 0.09466746554823248
0 0.18996840442338073 0.2690233672857999 0.13507109004739337 0.09466746554823248
0 0.3795418641390205 0.2690233672857999 0.13191153238546605 0.09586578789694428
0 0.566350710900474 0.13121629718394248 0.052132701421800945 0.0659077291791492
0 0.7010268562401264 0.13391252246854404 0.10347551342812006 0.0665068903535051
0 0.8420221169036335 0.1330137807070102 0.11058451816745656 0.06470940683043738
0 0.5742496050552922 0.30107849011384064 0.0679304897314376 0.0713001797483523
0 0.6978672985781991 0.3043738765727981 0.12559241706161137 0.07429598562013182
0 0.8274091627172195 0.304973037747154 0.1287519747235387 0.07189934092270821
0 0.6141390205371248 0.48442180946674657 0.146129541864139 0.09406830437387657
0 0.8183254344391785 0.48322348711803476 0.14533965244865718 0.09646494907130018
