0 0.31121642969984203 0.11144397843019772 0.12322274881516587 0.05152786099460755
0 0.4948657187993681 0.10994607549430797 0.14139020537124802 0.04973037747153985
0 0.6820695102685624 0.10964649490713002 0.13191153238546605 0.04074295985620132
0 0.14375987361769352 0.22678250449370882 0.08372827804107424 0.03055721989215099
0 0.25355450236966826 0.22828040742959857 0.07898894154818326 0.03235470341521869
0 0.41192733017377564 0.22618334331935291 0.10821484992101106 0.046135410425404436
0 0.17180094786729858 0.3016776512881965 0.13191153238546605 0.056920311563810666
0 0.38704581358609796 0.30227681246255245 0.1484992101105845 0.05811863391252247
0 0.165086887835703 0.37896944278010786 0.09794628751974724 0.059316956261234274
0 0.3834913112164297 0.3786698621929299 0.1334913112164297 0.06111443978430198
0 0.16390205371248026 0.45446375074895146 0.09083728278041074 0.04493708807669263
0 0.3834913112164297 0.45895745955662076 0.1334913112164297 0.06111443978430198
0 0.6915481832543444 0.256141402037148 0.1066350710900474 0.04134212103055722
0 0.6919431279620853 0.3019772318753745 0.1358609794628752 0.04313960455362493
0 0.6923380726698262 0.34811264230077893 0.12085308056872038 0.046734571599760334
0 0.6927330173775671 0.39544637507489516 0.1358609794628752 0.041941282204913125
0 0.6923380726698262 0.4406830437387657 0.13507109004739337 0.04254044337926902
0 0.6919431279620853 0.48621929298981426 0.1311216429699842 0.04493708807669263
0 0.6919431279620853 0.5407429598562014 0.19273301737756715 0.05811863391252247
0 0.6911532385466035 0.5946674655482325 0.16587677725118483 0.04733373277411624
0 0.6919431279620853 0.6500898741761534 0.17535545023696683 0.06111443978430198
0 0.6919431279620853 0.7130017974835231 0.17377567140600317 0.05991611743559017
0 0.6927330173775671 0.7690233672857999 0.15007898894154817 0.046135410425404436
0 0.6923380726698262 0.8259436788496106 0.14928909952606634 0.06171360095865788
0 0.4107424960505529 0.603355302576393 0.12480252764612954 0.04074295985620132
0 0.41192733017377564 0.6620730976632714 0.1240126382306477 0.05152786099460755
0 0.2259083728278041 0.6351108448172559 0.08372827804107424 0.03714799281006591
0 0.12203791469194313 0.6408028759736369 0.05924170616113744 0.012582384661473937
