0 0.23854660347551343 0.13031755542240864 0.16429699842022116 0.08208508088675855
0 0.40086887835703 0.13780707010185742 0.08767772511848342 0.10545236668663871
0 0.5904423380726698 0.12492510485320552 0.165086887835703 0.12522468544038345
0 0.7804107424960506 0.12792091072498502 0.10742496050552923 0.08807669263031756
0 0.7898894154818326 0.24505692031156381 0.1579778830963665 0.09227082085080887
0 0.5726698262243286 0.24535650089874178 0.15481832543443919 0.059316956261234274
0 0.4158767772511848 0.24056321150389456 0.11453396524486571 0.0677052127022169
0 0.2033965244865719 0.2606351108448173 0.13981042654028436 0.08028759736369083
0 0.2278830963665087 0.37477531455961655 0.17614533965244866 0.035350509286998205
0 0.415086887835703 0.36458957459556623 0.1240126382306477 0.10605152786099462
0 0.5916271721958926 0.35710005991611743 0.14533965244865718 0.09466746554823248
0 0.782780410742496 0.3648891551827442 0.11216429699842022 0.07908927501497903
