0 0.5015797788309636 0.11204313960455363 0.06003159557661927 0.05512282804074296
0 0.2930489731437599 0.21689634511683645 0.09004739336492891 0.03235470341521869
0 0.4060031595576619 0.21809466746554823 0.052132701421800945 0.041941282204913125
0 0.2938388625592417 0.2597363690832834 0.08214849921011058 0.05092869982025165
0 0.2985781990521327 0.3118633912522469 0.09794628751974724 0.053325344517675254
0 0.40718799368088465 0.26033553025763934 0.06240126382306477 0.04254044337926902
0 0.4067930489731438 0.3118633912522469 0.05529225908372828 0.04134212103055722
0 0.40639810426540285 0.36668663870581186 0.05608214849921011 0.04313960455362493
0 0.2950236966824645 0.3672857998801678 0.11295418641390205 0.05751947273816657
0 0.29739336492890994 0.42420611144397846 0.09557661927330173 0.05632115038945477
0 0.4048183254344392 0.4254044337926902 0.052922590837282776 0.04074295985620132
0 0.4067930489731438 0.48022768124625526 0.05687203791469194 0.04493708807669263
0 0.2934439178515008 0.48142600359496707 0.08925750394944708 0.05572198921509886
0 0.2938388625592417 0.5368484122228879 0.08688783570300158 0.05512282804074296
0 0.4075829383886256 0.5377471539844219 0.053712480252764615 0.04373876572798083
0 0.4052132701421801 0.5955662073097664 0.052132701421800945 0.041941282204913125
0 0.2958135860979463 0.5943678849610545 0.09399684044233807 0.05991611743559017
0 0.4067930489731438 0.6482923906530857 0.05687203791469194 0.04313960455362493
0 0.29660347551342814 0.6488915518274416 0.0924170616113744 0.046734571599760334
0 0.2942338072669826 0.6932294787297784 0.08925750394944708 0.04313960455362493
0 0.4087677725118483 0.6944278010784901 0.05608214849921011 0.041941282204913125
0 0.4087677725118483 0.7534451767525464 0.052922590837282776 0.04254044337926902
0 0.29739336492890994 0.7525464349910126 0.0971563981042654 0.06351108448172559
0 0.30015797788309634 0.8118633912522468 0.0947867298578199 0.05751947273816657
0 0.4095576619273302 0.811264230077891 0.05766192733017377 0.04313960455362493
0 0.29739336492890994 0.8687837028160575 0.09399684044233807 0.05392450569203116
0 0.4095576619273302 0.8693828639904134 0.05766192733017377 0.04553624925104853
0 0.29778830963665087 0.9233073696824446 0.0947867298578199 0.05512282804074296
0 0.4079778830963665 0.9224086279209107 0.054502369668246446 0.04134212103055722
