0 0.6777251184834123 0.11683642899940085 0.12322274881516587 0.0683043738765728
0 0.4755134281200632 0.1189334931096465 0.12322274881516587 0.07249850209706411
0 0.2578988941548183 0.1171360095865788 0.0655608214849921 0.046135410425404436
0 0.684044233807267 0.2855002995805872 0.1769352290679305 0.09646494907130018
0 0.46998420221169035 0.28579988016776514 0.17535545023696683 0.09346914319952067
0 0.7243285939968405 0.4550629119233074 0.12164296998420221 0.0665068903535051
0 0.4976303317535545 0.45566207309766327 0.11532385466034754 0.06530856800479329
0 0.2804107424960505 0.4529658478130617 0.1263823064770932 0.05751947273816657
0 0.48262243285939965 0.6081485919712403 0.17851500789889416 0.09706411024565609
0 0.7247235387045814 0.6060515278609946 0.11769352290679305 0.06530856800479329
