0 0.3929699842022117 0.15578190533253444 0.09083728278041074 0.06231276213301378
0 0.39257503949447076 0.2207908927501498 0.10110584518167456 0.06171360095865788
0 0.39257503949447076 0.28490113840623127 0.11532385466034754 0.06171360095865788
0 0.3929699842022117 0.3487118034751348 0.11611374407582938 0.06231276213301378
0 0.39257503949447076 0.4134212103055722 0.14218009478672985 0.06231276213301378
0 0.3933649289099526 0.5008987417615338 0.12954186413902052 0.10784901138406232
0 0.39178515007898895 0.5880766926303176 0.16429699842022116 0.06291192330736968
0 0.3921800947867298 0.6530856800479329 0.13981042654028436 0.06231276213301378
0 0.39257503949447076 0.7210904733373278 0.15165876777251186 0.0701018573996405
0 0.39257503949447076 0.7884961054523667 0.17535545023696683 0.06111443978430198
0 0.39257503949447076 0.8520071899340923 0.13428120063191154 0.06231276213301378
0 0.3929699842022117 0.9110245656081486 0.08609794628751975 0.05092869982025165
