0 0.18759873617693523 0.1273217495506291 0.0971563981042654 0.04134212103055722
0 0.18759873617693523 0.18514080287597365 0.0924170616113744 0.03714799281006591
0 0.18601895734597157 0.24236069502696225 0.18246445497630331 0.040143798681845415
0 0.18759873617693523 0.3019772318753745 0.0971563981042654 0.03834631515877771
0 0.18601895734597157 0.3588975434391852 0.09399684044233807 0.035949670461354104
0 0.1872037914691943 0.4173157579388856 0.0947867298578199 0.03774715398442181
0 0.18562401263823064 0.475733972438586 0.13902053712480253 0.04313960455362493
0 0.18601895734597157 0.5329538645895746 0.08925750394944708 0.03774715398442181
0 0.1872037914691943 0.5907729179149191 0.0679304897314376 0.05751947273816657
0 0.18601895734597157 0.6494907130017975 0.10505529225908372 0.035949670461354104
0 0.1872037914691943 0.700718993409227 0.0947867298578199 0.04134212103055722
0 0.18601895734597157 0.7543439185140803 0.06240126382306477 0.05991611743559017
0 0.18601895734597157 0.8127621330137808 0.09083728278041074 0.04733373277411624
0 0.1868088467614534 0.8669862192929898 0.10821484992101106 0.05152786099460755
