0 0.28672985781990523 0.10095865787896945 0.06003159557661927 0.03175554224086279
0 0.4561611374407583 0.10275614140203715 0.1018957345971564 0.03055721989215099
0 0.6469194312796208 0.1024565608148592 0.10268562401263823 0.0347513481126423
0 0.7713270142180094 0.10275614140203715 0.10347551342812006 0.03175554224086279
0 0.20300157977883096 0.10605152786099462 0.05687203791469194 0.017974835230677052
0 0.31516587677725116 0.17165967645296584 0.08372827804107424 0.04134212103055722
0 0.2282780410742496 0.20401437986818455 0.09794628751974724 0.028160575194727384
0 0.4099526066350711 0.2091072498502097 0.10268562401263823 0.046734571599760334
0 0.5837282780410742 0.20341521869382864 0.0947867298578199 0.04493708807669263
0 0.7618483412322274 0.20581186339125226 0.08451816745655608 0.040143798681845415
0 0.6295418641390206 0.30766926303175557 0.10742496050552923 0.0329538645895746
0 0.4589257503949447 0.30707010185739964 0.061611374407582936 0.03175554224086279
0 0.30647709320695105 0.30826842420611145 0.05845181674565561 0.03055721989215099
0 0.23104265402843602 0.3079688436189335 0.04976303317535545 0.03115638106650689
0 0.16153238546603474 0.4520671060515279 0.0924170616113744 0.04973037747153985
0 0.33609794628751977 0.4481725584182145 0.11611374407582938 0.04793289394847214
0 0.5161927330173776 0.445176752546435 0.11611374407582938 0.04433792690233673
0 0.6875987361769352 0.4481725584182145 0.08609794628751975 0.05392450569203116
