0 0.33886255924170616 0.11204313960455363 0.1484992101105845 0.046734571599760334
0 0.6101895734597156 0.10994607549430797 0.30726698262243285 0.04973037747153985
0 0.5639810426540284 0.1902336728579988 0.1848341232227488 0.07609346914319952
0 0.35150078988941547 0.19532654284002396 0.20695102685624012 0.05991611743559017
0 0.38744075829383884 0.28070701018573996 0.3056872037914692 0.04733373277411624
0 0.3732227488151659 0.34481725584182144 0.28672985781990523 0.0677052127022169
0 0.37519747235387046 0.4134212103055722 0.2843601895734597 0.04553624925104853
0 0.41113744075829384 0.4682444577591372 0.3593996840442338 0.05212702216896345
0 0.4849921011058452 0.5545236668663871 0.2559241706161137 0.048532055122828044
0 0.34913112164297 0.6213301378070701 0.2575039494470774 0.04313960455362493
0 0.6484992101105845 0.6207309766327143 0.2606635071090047 0.041941282204913125
0 0.3791469194312796 0.6839424805272618 0.2211690363349131 0.040143798681845415
