0 0.43167456556082145 0.15398442180946675 0.08451816745655608 0.04433792690233673
0 0.4296998420221169 0.20011983223487118 0.11690363349131122 0.0347513481126423
0 0.43088467614533965 0.2537447573397244 0.09083728278041074 0.04373876572798083
0 0.42890995260663506 0.30347513481126426 0.11532385466034754 0.04254044337926902
0 0.43088467614533965 0.35440383463151587 0.11453396524486571 0.046135410425404436
0 0.4304897314375987 0.4056321150389455 0.15165876777251186 0.046734571599760334
0 0.4300947867298578 0.5002995805871779 0.09557661927330173 0.03834631515877771
0 0.4304897314375987 0.5524266027561414 0.13744075829383887 0.041941282204913125
0 0.4312796208530806 0.6015578190533254 0.07740916271721959 0.04074295985620132
0 0.4312796208530806 0.6542840023966447 0.10900473933649289 0.04793289394847214
0 0.4304897314375987 0.700718993409227 0.12006319115323855 0.03894547633313361
0 0.43167456556082145 0.7525464349910126 0.07819905213270142 0.04313960455362493
0 0.4312796208530806 0.7986818454164171 0.10110584518167456 0.0347513481126423
0 0.4320695102685624 0.8544038346315159 0.06003159557661927 0.046734571599760334
0 0.43088467614533965 0.9032354703415219 0.06714060031595577 0.046135410425404436
