0 0.22748815165876776 0.1578789694427801 0.0679304897314376 0.05092869982025165
0 0.3329383886255924 0.15877771120431397 0.06240126382306477 0.04793289394847214
0 0.46524486571879936 0.15727980826842422 0.07740916271721959 0.08927501497902936
0 0.22906793048973143 0.2516476932294787 0.09162717219589257 0.05152786099460755
0 0.33096366508688785 0.2519472738166567 0.06477093206951026 0.04733373277411624
0 0.46524486571879936 0.25104853205512284 0.08056872037914692 0.09107249850209706
0 0.2282780410742496 0.32654284002396644 0.08214849921011058 0.05152786099460755
0 0.3321484992101106 0.32774116237267825 0.0655608214849921 0.03115638106650689
0 0.46721958925750395 0.3268424206111444 0.08293838862559241 0.03654883163571001
0 0.2278830963665087 0.4029358897543439 0.08293838862559241 0.053325344517675254
0 0.3329383886255924 0.40353505092869985 0.06398104265402843 0.04493708807669263
0 0.4636650868878357 0.40323547034152185 0.08056872037914692 0.08987417615338526
0 0.1848341232227488 0.530257639304973 0.17061611374407581 0.08747753145596165
0 0.38072669826224326 0.5335530257639305 0.17377567140600317 0.08807669263031756
