0 0.15481832543443919 0.10964649490713002 0.1406003159557662 0.07549430796884363
0 0.29067930489731436 0.10784901138406232 0.12164296998420221 0.07309766327142002
0 0.4202211690363349 0.10994607549430797 0.12164296998420221 0.09406830437387657
0 0.5904423380726698 0.12702216896345117 0.14770932069510267 0.05751947273816657
0 0.8278041074249605 0.12582384661473936 0.17851500789889416 0.05751947273816657
0 0.14494470774091628 0.201318154583583 0.1240126382306477 0.05871779508687837
0 0.325434439178515 0.20161773517076093 0.12164296998420221 0.05811863391252247
0 0.18404423380726698 0.27471539844218096 0.12480252764612954 0.05811863391252247
0 0.15442338072669826 0.40143798681845416 0.11611374407582938 0.05751947273816657
0 0.33570300157977884 0.4029358897543439 0.13270142180094788 0.05572198921509886
0 0.14889415481832544 0.49041342121030557 0.12717219589257503 0.05811863391252247
0 0.34636650868878355 0.49041342121030557 0.1240126382306477 0.05572198921509886
