0 0.32898894154818326 0.10335530257639305 0.19984202211690363 0.035350509286998205
0 0.6169036334913112 0.10215698022768124 0.2211690363349131 0.03654883163571001
0 0.3183254344391785 0.1701617735170761 0.2211690363349131 0.04433792690233673
0 0.6433649289099526 0.16117435590173756 0.2835703001579779 0.035949670461354104
0 0.3246445497630332 0.23067705212702216 0.20537124802527645 0.03834631515877771
0 0.6133491311216429 0.23547034152186938 0.2282780410742496 0.04313960455362493
0 0.4976303317535545 0.2956860395446375 0.30015797788309634 0.04254044337926902
0 0.6465244865718799 0.3969442780107849 0.22985781990521326 0.03774715398442181
0 0.6453396524486572 0.4532654284002397 0.22906793048973143 0.03774715398442181
0 0.6429699842022116 0.6003594967046135 0.2401263823064771 0.04793289394847214
