0 0.35110584518167454 0.09167165967645297 0.21721958925750395 0.05871779508687837
0 0.6370458135860979 0.08957459556620731 0.2156398104265403 0.06051527860994608
0 0.6421800947867299 0.183043738765728 0.23696682464454977 0.06411024565608149
0 0.37085308056872035 0.1824445775913721 0.24881516587677724 0.06291192330736968
0 0.5213270142180094 0.26423007789095265 0.23380726698262244 0.06470940683043738
0 0.18325434439178515 0.3876572798082684 0.19747235387045814 0.05991611743559017
0 0.40126382306477093 0.3864589574595566 0.1769352290679305 0.05392450569203116
0 0.5552922590837283 0.41671659676452966 0.07898894154818326 0.03894547633313361
0 0.6196682464454977 0.47183942480527263 0.0655608214849921 0.04254044337926902
0 0.6990521327014217 0.4152186938286399 0.08530805687203791 0.035949670461354104
0 0.8503159557661927 0.42180946674655484 0.08609794628751975 0.04313960455362493
0 0.8262243285939969 0.47902935889754344 0.1848341232227488 0.040143798681845415
