0 0.5138230647709321 0.09916117435590174 0.22511848341232227 0.05452366686638706
0 0.29976303317535546 0.10275614140203715 0.18088467614533965 0.04134212103055722
0 0.740916271721959 0.23517076093469144 0.12164296998420221 0.07249850209706411
0 0.6208530805687204 0.22588376273217495 0.12480252764612954 0.09346914319952067
0 0.49842022116903634 0.22648292390653085 0.12164296998420221 0.09466746554823248
0 0.3740126382306477 0.22528460155781907 0.12717219589257503 0.09227082085080887
0 0.2539494470774092 0.22648292390653085 0.1240126382306477 0.09466746554823248
0 0.7105055292259084 0.38496105452366686 0.19352290679304898 0.13001797483523067
0 0.7211690363349131 0.5335530257639305 0.17851500789889416 0.06411024565608149
0 0.5276461295418642 0.5221689634511684 0.18799368088467613 0.08088675853804674
0 0.3135860979462875 0.5338526063511084 0.20853080568720378 0.05751947273816657
0 0.4928909952606635 0.37657279808268423 0.15007898894154817 0.07609346914319952
0 0.3009478672985782 0.36249251048532055 0.21800947867298578 0.13780707010185742
