0 0.2744865718799368 0.12342720191731577 0.14928909952606634 0.07189934092270821
0 0.5110584518167457 0.12372678250449372 0.15481832543443919 0.0665068903535051
0 0.7298578199052133 0.12372678250449372 0.1674565560821485 0.07849011384062313
0 0.3420221169036335 0.21539844218094667 0.19115323854660346 0.07729179149191133
0 0.46050552922590837 0.21869382863990414 0.09162717219589257 0.06470940683043738
0 0.6883886255924171 0.21749550629119233 0.24881516587677724 0.09586578789694428
0 0.2606635071090047 0.3091671659676453 0.07740916271721959 0.029958058717795086
0 0.43483412322274884 0.3088675853804674 0.10821484992101106 0.029358897543439184
0 0.6267772511848341 0.3097663271420012 0.10505529225908372 0.029958058717795086
0 0.240521327014218 0.3816656680647094 0.10821484992101106 0.06231276213301378
0 0.46248025276461296 0.38496105452366686 0.14928909952606634 0.06411024565608149
0 0.7298578199052133 0.38406231276213304 0.15481832543443919 0.0695026962252846
0 0.23459715639810427 0.5455362492510486 0.09004739336492891 0.04733373277411624
0 0.3593996840442338 0.5449370880766926 0.09636650868878358 0.04733373277411624
0 0.4980252764612954 0.5452366686638705 0.0971563981042654 0.04913121629718394
0 0.632306477093207 0.5452366686638705 0.0924170616113744 0.052726183343319355
0 0.7654028436018957 0.5437387657279809 0.09794628751974724 0.05572198921509886
0 0.3953396524486572 0.6285200718993409 0.09083728278041074 0.05991611743559017
0 0.23617693522906794 0.7246854403834632 0.0947867298578199 0.05092869982025165
0 0.3597946287519747 0.7264829239065309 0.0924170616113744 0.053325344517675254
0 0.49565560821484994 0.7258837627321749 0.09399684044233807 0.05452366686638706
0 0.6267772511848341 0.7258837627321749 0.11453396524486571 0.07849011384062313
0 0.7484202211690363 0.725584182144997 0.10979462875197472 0.08148591971240264
