0 0.2843601895734597 0.11324146195326543 0.08056872037914692 0.05871779508687837
0 0.4731437598736177 0.11384062312762133 0.15323854660347552 0.05751947273816657
0 0.6848341232227488 0.1195326542840024 0.13270142180094788 0.0665068903535051
0 0.2910742496050553 0.2219892150988616 0.09083728278041074 0.03894547633313361
0 0.45734597156398105 0.22348711803475135 0.10110584518167456 0.05991611743559017
0 0.6429699842022116 0.22588376273217495 0.12322274881516587 0.06710605152786099
0 0.5434439178515008 0.2507489514679449 0.07740916271721959 0.05092869982025165
0 0.45932069510268564 0.3346315158777711 0.14139020537124802 0.11204313960455363
0 0.6615323854660348 0.3241461953265429 0.16666666666666666 0.09826243259436789
0 0.3886255924170616 0.5152786099460755 0.1406003159557662 0.06470940683043738
0 0.6011058451816745 0.5143798681845416 0.16587677725118483 0.06890353505092871
0 0.4774881516587678 0.6120431396045536 0.04660347551342812 0.05452366686638706
0 0.3811216429699842 0.6126423007789096 0.06872037914691943 0.048532055122828044
0 0.4312796208530806 0.6114439784301977 0.042654028436018954 0.05811863391252247
0 0.30647709320695105 0.6893349310964649 0.13428120063191154 0.06411024565608149
0 0.6070300157977883 0.6084481725584182 0.16824644549763032 0.0677052127022169
0 0.5248815165876777 0.6860395446375075 0.174565560821485 0.06710605152786099
0 0.6883886255924171 0.6872378669862194 0.05924170616113744 0.06710605152786099
0 0.6903633491311216 0.780407429598562 0.07266982622432859 0.08088675853804674
0 0.6113744075829384 0.7663271420011983 0.052132701421800945 0.052726183343319355
0 0.5154028436018957 0.7612342720191732 0.038704581358609796 0.04254044337926902
0 0.424565560821485 0.7690233672857999 0.04818325434439179 0.05212702216896345
0 0.45339652448657186 0.8553025763930497 0.1769352290679305 0.10844817255841822
