0 0.19549763033175355 0.15877771120431397 0.16982622432859398 0.07070101857399641
0 0.6161137440758294 0.15877771120431397 0.19747235387045814 0.046734571599760334
0 0.1970774091627172 0.2432594367884961 0.19352290679304898 0.07070101857399641
0 0.6161137440758294 0.23097663271420013 0.16587677725118483 0.0713001797483523
0 0.1820695102685624 0.32234871180347513 0.17772511848341233 0.05871779508687837
0 0.6149289099526066 0.3079688436189335 0.19826224328593997 0.04553624925104853
0 0.17772511848341233 0.4017375674056321 0.1674565560821485 0.06171360095865788
0 0.6157187993680885 0.3804673457159976 0.18088467614533965 0.07789095266626722
0 0.6157187993680885 0.4616536848412223 0.2014218009478673 0.06051527860994608
0 0.17061611374407581 0.47783103654883163 0.15481832543443919 0.056920311563810666
0 0.19628751974723538 0.542840023966447 0.20616113744075829 0.03834631515877771
