0 0.18759873617693523 0.09646494907130018 0.18246445497630331 0.07429598562013182
0 0.3830963665086888 0.10335530257639305 0.2116903633491311 0.05572198921509886
0 0.3688783570300158 0.17765128819652487 0.18009478672985782 0.056920311563810666
0 0.17535545023696683 0.183043738765728 0.18799368088467613 0.04973037747153985
0 0.296998420221169 0.2591372079089275 0.19747235387045814 0.05452366686638706
0 0.608214849921011 0.10665068903535051 0.13902053712480253 0.09107249850209706
0 0.8191153238546603 0.11593768723786699 0.20853080568720378 0.10724985020970641
0 0.5955766192733017 0.23037747153984423 0.1627172195892575 0.09406830437387657
0 0.8045023696682464 0.2342720191731576 0.179304897314376 0.08388256440982625
0 0.6161137440758294 0.3385260635110845 0.16429699842022116 0.09227082085080887
0 0.8270142180094786 0.3313361294188137 0.17061611374407581 0.09826243259436789
0 0.6200631911532385 0.47183942480527263 0.21642969984202212 0.1048532055122828
0 0.8317535545023697 0.47843019772318757 0.17377567140600317 0.09286998202516478
0 0.636650868878357 0.578789694427801 0.1674565560821485 0.09107249850209706
0 0.840047393364929 0.5844817255841822 0.1966824644549763 0.09406830437387657
0 0.7215639810426541 0.6695626123427202 0.17140600315955765 0.09286998202516478
