0 0.26145339652448657 0.16267225883762731 0.0947867298578199 0.04134212103055722
0 0.44075829383886256 0.10994607549430797 0.14218009478672985 0.048532055122828044
0 0.4419431279620853 0.16476932294787297 0.13033175355450236 0.041941282204913125
0 0.565955766192733 0.15937687237866988 0.09399684044233807 0.041941282204913125
0 0.7187993680884676 0.1590772917914919 0.12954186413902052 0.04254044337926902
0 0.30450236966824645 0.2696225284601558 0.0924170616113744 0.03714799281006591
0 0.4423380726698262 0.2142001198322349 0.12164296998420221 0.04254044337926902
0 0.47709320695102686 0.2702216896345117 0.10426540284360189 0.041941282204913125
0 0.6777251184834123 0.27052127022168965 0.12796208530805686 0.04134212103055722
0 0.12045813586097946 0.39125224685440385 0.07345971563981042 0.04553624925104853
0 0.2673775671406003 0.39035350509287 0.11137440758293839 0.04373876572798083
0 0.4312796208530806 0.384361893349311 0.10268562401263823 0.04254044337926902
0 0.174565560821485 0.4652486518873577 0.061611374407582936 0.04134212103055722
0 0.25157977883096366 0.4712402636309167 0.08293838862559241 0.02456560814859197
0 0.4174565560821485 0.4652486518873577 0.13033175355450236 0.05092869982025165
