0 0.2815955766192733 0.11533852606351108 0.10031595576619273 0.056920311563810666
0 0.4786729857819905 0.10874775314559616 0.1674565560821485 0.0677052127022169
0 0.28001579778830965 0.22228879568603954 0.11453396524486571 0.0659077291791492
0 0.4822274881516588 0.22228879568603954 0.21248025276461296 0.05751947273816657
0 0.3274091627172196 0.3406231276213301 0.20300157977883096 0.06530856800479329
0 0.6248025276461295 0.29508687837028164 0.2938388625592417 0.07369682444577591
0 0.27606635071090047 0.44427801078490115 0.11453396524486571 0.06411024565608149
0 0.4695892575039494 0.44427801078490115 0.18246445497630331 0.06411024565608149
0 0.2871248025276461 0.5919712402636309 0.08925750394944708 0.05991611743559017
0 0.4498420221169036 0.5889754343918514 0.15402843601895735 0.05991611743559017
0 0.6406003159557662 0.5877771120431396 0.15639810426540285 0.052726183343319355
0 0.358609794628752 0.6800479328939485 0.25434439178515006 0.07070101857399641
0 0.29936808846761453 0.7962852007189934 0.12480252764612954 0.04433792690233673
0 0.4498420221169036 0.7962852007189934 0.10821484992101106 0.03834631515877771
0 0.6050552922590837 0.7941881366087478 0.1263823064770932 0.040143798681845415
