0 0.7049763033175356 0.12792091072498502 0.16192733017377567 0.10005991611743559
0 0.5067140600315956 0.1201318154583583 0.16982622432859398 0.11563810665068903
0 0.3155608214849921 0.12133013780707011 0.16824644549763032 0.11324146195326543
0 0.31003159557661925 0.25314559616536847 0.19510268562401265 0.11683642899940085
0 0.5007898894154819 0.26333133612941884 0.1579778830963665 0.09286998202516478
0 0.7033965244865719 0.262133013780707 0.15560821484992102 0.09526662672258839
0 0.3345181674565561 0.4128220491312163 0.20458135860979462 0.1006590772917915
0 0.556477093206951 0.4134212103055722 0.1287519747235387 0.03714799281006591
0 0.3147709320695103 0.5494307968843619 0.16824644549763032 0.1354104254044338
0 0.6074249605055292 0.5644098262432594 0.3285939968404423 0.15098861593768725
