0 0.2958135860979463 0.1518873576992211 0.1066350710900474 0.03894547633313361
0 0.6990521327014217 0.1506890353505093 0.07898894154818326 0.03175554224086279
0 0.7002369668246445 0.19982025164769324 0.0924170616113744 0.03774715398442181
0 0.29739336492890994 0.1989215098861594 0.1018957345971564 0.039544637507489516
0 0.2989731437598736 0.25943678849610546 0.10979462875197472 0.04074295985620132
0 0.6990521327014217 0.2585380467345716 0.07898894154818326 0.059316956261234274
0 0.7002369668246445 0.3250449370880767 0.1066350710900474 0.048532055122828044
0 0.29660347551342814 0.3250449370880767 0.09557661927330173 0.056920311563810666
0 0.2958135860979463 0.396644697423607 0.11611374407582938 0.04793289394847214
0 0.2981832543443918 0.46375074895146795 0.08451816745655608 0.039544637507489516
0 0.29739336492890994 0.5116836428999401 0.0924170616113744 0.03115638106650689
0 0.6986571879936809 0.3969442780107849 0.1287519747235387 0.07489514679448772
0 0.6998420221169036 0.4631515877771121 0.08530805687203791 0.04074295985620132
0 0.7022116903633491 0.5110844817255842 0.08846761453396525 0.039544637507489516
