0 0.21050552922590837 0.14379868184541642 0.0971563981042654 0.07669263031755542
0 0.2136650868878357 0.2243858597962852 0.09873617693522907 0.08208508088675855
0 0.20813586097946288 0.304973037747154 0.09873617693522907 0.07669263031755542
0 0.20734597156398105 0.3846614739364889 0.10505529225908372 0.08148591971240264
0 0.20813586097946288 0.4661473936488916 0.10347551342812006 0.07789095266626722
0 0.20655608214849921 0.5440383463151588 0.09873617693522907 0.07549430796884363
0 0.627172195892575 0.14859197124026363 0.10268562401263823 0.07789095266626722
0 0.6291469194312796 0.23756740563211504 0.09557661927330173 0.08088675853804674
0 0.6287519747235387 0.3262432594367885 0.10268562401263823 0.07968843618933494
0 0.6224328593996841 0.4140203714799281 0.10110584518167456 0.07908927501497903
0 0.6204581358609794 0.5077890952666267 0.10505529225908372 0.08088675853804674
