0 0.14020537124802526 0.10575194727381666 0.09557661927330173 0.0329538645895746
0 0.34636650868878355 0.10005991611743559 0.09873617693522907 0.03235470341521869
0 0.684044233807267 0.1018573996405033 0.12164296998420221 0.029958058717795086
0 0.1702211690363349 0.18094667465548234 0.1524486571879937 0.04313960455362493
0 0.15600315955766192 0.31426003594967045 0.07503949447077408 0.05572198921509886
0 0.27014218009478674 0.316956261234272 0.13270142180094788 0.041941282204913125
0 0.46208530805687204 0.33702816057519475 0.08372827804107424 0.05572198921509886
0 0.65086887835703 0.36129418813660874 0.12796208530805686 0.03235470341521869
0 0.665086887835703 0.39634511683642903 0.15639810426540285 0.028160575194727384
0 0.2401263823064771 0.38945476333133616 0.24960505529225907 0.05991611743559017
