0 0.12440758293838862 0.27651288196524865 0.08609794628751975 0.09047333732774117
0 0.2282780410742496 0.29418813660874776 0.11690363349131122 0.04553624925104853
0 0.37717219589257506 0.2810065907729179 0.21721958925750395 0.11144397843019772
0 0.24486571879936808 0.45656081485919714 0.09162717219589257 0.035949670461354104
0 0.47472353870458134 0.46075494307968845 0.1358609794628752 0.04433792690233673
0 0.24486571879936808 0.5500299580587178 0.08846761453396525 0.046734571599760334
0 0.33649289099526064 0.5386458957459557 0.05529225908372828 0.05032953864589575
0 0.33767772511848343 0.4559616536848412 0.060821484992101105 0.026363091671659677
0 0.7002369668246445 0.54823247453565 0.1287519747235387 0.05152786099460755
0 0.47709320695102686 0.5449370880766926 0.13744075829383887 0.048532055122828044
0 0.40639810426540285 0.6542840023966447 0.14770932069510267 0.09227082085080887
0 0.7211690363349131 0.787297783103655 0.15955766192733017 0.13780707010185742
0 0.5442338072669826 0.774715398442181 0.052132701421800945 0.09346914319952067
0 0.42812006319115326 0.7855002995805872 0.1358609794628752 0.11983223487118035
0 0.2768562401263823 0.7834032354703415 0.13507109004739337 0.02696225284601558
