0 0.12282780410742496 0.14200119832234873 0.08293838862559241 0.07070101857399641
0 0.2950236966824645 0.13061713600958658 0.07819905213270142 0.09346914319952067
0 0.4636650868878357 0.13451168364289995 0.08372827804107424 0.09406830437387657
0 0.6279620853080569 0.13421210305572198 0.08372827804107424 0.09466746554823248
0 0.8080568720379147 0.13870581186339126 0.08372827804107424 0.08927501497902936
0 0.12717219589257503 0.2699221090473337 0.08688783570300158 0.09406830437387657
0 0.3108214849921011 0.27471539844218096 0.08767772511848342 0.09886159376872379
0 0.495260663507109 0.274116237267825 0.08530805687203791 0.1012582384661474
0 0.688783570300158 0.27651288196524865 0.08214849921011058 0.10005991611743559
0 0.8696682464454977 0.2831036548831636 0.09320695102685624 0.09286998202516478
0 0.15995260663507108 0.45266626722588377 0.08293838862559241 0.06890353505092871
0 0.33372827804107424 0.45266626722588377 0.11927330173775672 0.07849011384062313
0 0.5485781990521327 0.4538645895745956 0.1240126382306477 0.07968843618933494
0 0.740521327014218 0.45476333133612945 0.1240126382306477 0.07908927501497903
0 0.19233807266982622 0.5832834032354703 0.09083728278041074 0.06291192330736968
0 0.33570300157977884 0.5784901138406231 0.10900473933649289 0.07729179149191133
0 0.5359399684044234 0.578789694427801 0.07661927330173776 0.07789095266626722
0 0.6883886255924171 0.5847813061713601 0.08451816745655608 0.08268424206111444
0 0.839652448657188 0.585380467345716 0.07740916271721959 0.08148591971240264
0 0.3590047393364929 0.7103055721989215 0.1334913112164297 0.07609346914319952
0 0.5639810426540284 0.7109047333732774 0.13428120063191154 0.07729179149191133
0 0.7582938388625592 0.7180946674655483 0.1358609794628752 0.08208508088675855
