0 0.28278041074249605 0.10365488316357101 0.10742496050552923 0.046734571599760334
0 0.21682464454976302 0.17855002995805871 0.052922590837282776 0.035949670461354104
0 0.21642969984202212 0.2183942480527262 0.052132701421800945 0.029358897543439184
0 0.2160347551342812 0.2573397243858598 0.052922590837282776 0.029358897543439184
0 0.21642969984202212 0.29928100659077295 0.053712480252764615 0.035350509286998205
0 0.21642969984202212 0.34182144997004194 0.053712480252764615 0.035350509286998205
0 0.2160347551342812 0.38585979628520073 0.052922590837282776 0.035949670461354104
0 0.283175355450237 0.5089874176153385 0.11927330173775672 0.053325344517675254
0 0.7156398104265402 0.11443978430197724 0.1311216429699842 0.05751947273816657
0 0.7638230647709321 0.1872378669862193 0.020537124802527645 0.012582384661473937
0 0.764218009478673 0.20940683043738767 0.029225908372827805 0.01378070701018574
0 0.7657977883096366 0.23217495506291194 0.045023696682464455 0.019772318753744758
0 0.7654028436018957 0.2576393049730378 0.04739336492890995 0.014379868184541643
0 0.7654028436018957 0.27950868783702815 0.05529225908372828 0.014979029358897543
0 0.7638230647709321 0.3037747153984422 0.061611374407582936 0.015578190533253445
