0 0.1188783570300158 0.1207309766327142 0.07187993680884676 0.05811863391252247
0 0.30213270142180093 0.12312762133013781 0.09557661927330173 0.05572198921509886
0 0.4214060031595577 0.11743559017375674 0.08293838862559241 0.05512282804074296
0 0.21998420221169035 0.20041941282204914 0.11611374407582938 0.05452366686638706
0 0.43364928909952605 0.20011983223487118 0.10742496050552923 0.05751947273816657
0 0.11808846761453397 0.36548831635710005 0.07345971563981042 0.035949670461354104
0 0.2685624012638231 0.3663870581186339 0.0995260663507109 0.04973037747153985
0 0.4304897314375987 0.36428999400838824 0.10742496050552923 0.04553624925104853
0 0.1994470774091627 0.4251048532055123 0.09873617693522907 0.05092869982025165
0 0.5548973143759873 0.4457759137207909 0.07345971563981042 0.0659077291791492
0 0.7377567140600316 0.4475733972438586 0.1311216429699842 0.10784901138406232
