0 0.2717219589257504 0.12462552426602756 0.14375987361769352 0.04074295985620132
0 0.4486571879936809 0.12162971839424805 0.1943127962085308 0.03714799281006591
0 0.5955766192733017 0.12582384661473936 0.10268562401263823 0.03834631515877771
0 0.7298578199052133 0.11923307369682445 0.15639810426540285 0.0683043738765728
0 0.8593996840442338 0.3906530856800479 0.11216429699842022 0.035949670461354104
0 0.7677725118483412 0.38885560215698023 0.07424960505529225 0.0347513481126423
0 0.6966824644549763 0.3876572798082684 0.07109004739336493 0.0347513481126423
0 0.631911532385466 0.3876572798082684 0.05529225908372828 0.03235470341521869
0 0.5821484992101106 0.38705811863391254 0.04107424960505529 0.033553025763930495
0 0.5363349131121643 0.38885560215698023 0.05055292259083728 0.029958058717795086
0 0.6974723538704581 0.4457759137207909 0.15165876777251186 0.033553025763930495
