0 0.3570300157977883 0.13870581186339126 0.2606635071090047 0.03894547633313361
0 0.4052132701421801 0.1896345116836429 0.35071090047393366 0.04254044337926902
0 0.38704581358609796 0.24176153385260635 0.3175355450236967 0.03774715398442181
0 0.3886255924170616 0.3043738765727981 0.31911532385466035 0.04074295985620132
0 0.3704581358609795 0.36578789694427805 0.27804107424960506 0.0329538645895746
0 0.37006319115323855 0.4254044337926902 0.27567140600315954 0.029958058717795086
0 0.4079778830963665 0.49071300179748356 0.35624012638230645 0.03834631515877771
0 0.3842812006319115 0.5530257639304973 0.3056872037914692 0.03834631515877771
0 0.39257503949447076 0.6024565608148592 0.325434439178515 0.0341521869382864
0 0.4040284360189573 0.6686638705811864 0.3451816745655608 0.03714799281006591
0 0.3929699842022117 0.7183942480527262 0.3230647709320695 0.035949670461354104
0 0.4052132701421801 0.7795086878370282 0.34755134281200634 0.033553025763930495
0 0.3929699842022117 0.8484122228879569 0.3293838862559242 0.04313960455362493
0 0.37993680884676145 0.9065308568004794 0.30015797788309634 0.035949670461354104
