0 0.26540284360189575 0.11204313960455363 0.08688783570300158 0.03235470341521869
0 0.34873617693522907 0.11294188136608747 0.05608214849921011 0.019772318753744758
0 0.49960505529225907 0.11054523666866388 0.12559241706161137 0.03175554224086279
0 0.693522906793049 0.10934691431995207 0.1674565560821485 0.03774715398442181
0 0.3712480252764613 0.18933493109646496 0.22748815165876776 0.05991611743559017
0 0.6263823064770931 0.19472738166566808 0.21958925750394945 0.05871779508687837
0 0.5118483412322274 0.2636309167165968 0.23854660347551343 0.05871779508687837
0 0.283175355450237 0.32594367884961056 0.14139020537124802 0.035949670461354104
0 0.3716429699842022 0.32774116237267825 0.030805687203791468 0.046734571599760334
0 0.5023696682464455 0.32953864589574594 0.1721958925750395 0.04913121629718394
0 0.6895734597156398 0.3238466147393649 0.19589257503949448 0.04134212103055722
0 0.2989731437598736 0.3864589574595566 0.16192733017377567 0.05392450569203116
0 0.4960505529225908 0.39185140802875973 0.14691943127962084 0.05512282804074296
0 0.6915481832543444 0.39245056920311566 0.16192733017377567 0.05512282804074296
0 0.3941548183254344 0.44967046135410427 0.24644549763033174 0.0701018573996405
0 0.23380726698262244 0.5907729179149191 0.08846761453396525 0.03235470341521869
0 0.3428120063191153 0.591372079089275 0.10426540284360189 0.02756141402037148
0 0.5264612954186414 0.5892750149790293 0.17614533965244866 0.04373876572798083
0 0.7306477093206951 0.5928699820251648 0.15955766192733017 0.04254044337926902
0 0.33965244865718797 0.6372079089275016 0.2306477093206951 0.056920311563810666
0 0.608214849921011 0.6372079089275016 0.2306477093206951 0.056920311563810666
0 0.3325434439178515 0.695626123427202 0.2890995260663507 0.05871779508687837
0 0.6279620853080569 0.6977231875374476 0.24170616113744076 0.05212702216896345
0 0.3274091627172196 0.7576393049730378 0.25829383886255924 0.05811863391252247
