0 0.3420221169036335 0.14799281006590773 0.09636650868878358 0.04793289394847214
0 0.3428120063191153 0.20221689634511683 0.09794628751974724 0.048532055122828044
0 0.3432069510268562 0.2549430796884362 0.10031595576619273 0.04373876572798083
0 0.3428120063191153 0.3067705212702217 0.10110584518167456 0.04433792690233673
0 0.3424170616113744 0.35410425404433793 0.10031595576619273 0.04074295985620132
0 0.34162717219589256 0.4011384062312762 0.10031595576619273 0.04134212103055722
0 0.3432069510268562 0.4478729778310366 0.1018957345971564 0.04134212103055722
0 0.34162717219589256 0.4946075494307969 0.10031595576619273 0.04254044337926902
0 0.3439968404423381 0.542240862792091 0.09557661927330173 0.04313960455362493
0 0.34557661927330174 0.5895745955662073 0.09873617693522907 0.04313960455362493
