0 0.24131121642969983 0.10365488316357101 0.16350710900473933 0.03714799281006591
0 0.36492890995260663 0.2902935889754344 0.1406003159557662 0.040143798681845415
0 0.17417061611374407 0.2932893948472139 0.1287519747235387 0.05092869982025165
0 0.36492890995260663 0.37896944278010786 0.10742496050552923 0.03654883163571001
0 0.1844391785150079 0.35020970641102456 0.16350710900473933 0.03654883163571001
0 0.6406003159557662 0.11054523666866388 0.11216429699842022 0.040143798681845415
0 0.8155608214849921 0.1042540443379269 0.15402843601895735 0.04433792690233673
0 0.618088467614534 0.17525464349910128 0.15876777251184834 0.04134212103055722
0 0.8175355450236966 0.17285799880167765 0.15481832543443919 0.035350509286998205
0 0.6303317535545023 0.24745356500898744 0.12164296998420221 0.03115638106650689
0 0.8143759873617693 0.24745356500898744 0.15955766192733017 0.03115638106650689
0 0.655608214849921 0.3268424206111444 0.07424960505529225 0.053325344517675254
0 0.7910742496050552 0.32983822648292394 0.11611374407582938 0.05572198921509886
0 0.6433649289099526 0.4173157579388856 0.10821484992101106 0.03774715398442181
0 0.8076619273301737 0.41581785500299584 0.1429699842022117 0.04313960455362493
0 0.6058451816745656 0.5934691431995207 0.08530805687203791 0.029358897543439184
0 0.8029225908372828 0.5928699820251648 0.14454976303317535 0.03175554224086279
0 0.6038704581358609 0.6635710005991612 0.08451816745655608 0.03055721989215099
0 0.7997630331753555 0.6671659676452966 0.14454976303317535 0.0341521869382864
