0 0.10900473933649289 0.14230077890952667 0.03317535545023697 0.06171360095865788
0 0.20971563981042654 0.12911923307369683 0.08767772511848342 0.08807669263031756
0 0.3882306477093207 0.13121629718394248 0.16982622432859398 0.09227082085080887
0 0.5928120063191153 0.1183343319352906 0.14928909952606634 0.1048532055122828
0 0.810821484992101 0.11623726782504494 0.17298578199052134 0.10665068903535051
0 0.25908372827804105 0.26003594967046134 0.18167456556082148 0.09227082085080887
0 0.11571879936808846 0.4397843019772319 0.06398104265402843 0.05632115038945477
0 0.2282780410742496 0.4376872378669862 0.061611374407582936 0.06411024565608149
0 0.31200631911532384 0.43319352905931696 0.03317535545023697 0.05152786099460755
0 0.11571879936808846 0.6015578190533254 0.06398104265402843 0.05991611743559017
0 0.23380726698262244 0.5982624325943678 0.06477093206951026 0.0665068903535051
0 0.3195102685624013 0.5943678849610545 0.03238546603475513 0.05632115038945477
