0 0.3981042654028436 0.10575194727381666 0.10900473933649289 0.040143798681845415
0 0.5718799368088467 0.11294188136608747 0.10742496050552923 0.056920311563810666
0 0.24289099526066352 0.2396644697423607 0.2093206951026856 0.12342720191731577
0 0.49881516587677727 0.2402636309167166 0.2093206951026856 0.09227082085080887
0 0.7472353870458136 0.24625524266027563 0.2116903633491311 0.09466746554823248
0 0.22077409162717218 0.37986818454164173 0.20616113744075829 0.12582384661473936
0 0.5047393364928909 0.36069502696225286 0.19747235387045814 0.09346914319952067
0 0.7567140600315956 0.3723786698621929 0.20063191153238547 0.09886159376872379
0 0.22630331753554503 0.5266626722588377 0.2235387045813586 0.12941881366087477
0 0.5023696682464455 0.47723187537447576 0.20221169036334913 0.08927501497902936
0 0.7602685624012638 0.4835230677052127 0.20774091627172195 0.09107249850209706
0 0.23499210110584517 0.6815458358298382 0.19984202211690363 0.12642300778909527
0 0.5102685624012638 0.597663271420012 0.19747235387045814 0.09047333732774117
0 0.7638230647709321 0.5982624325943678 0.20695102685624012 0.09766327142001198
0 0.5067140600315956 0.7213900539245057 0.22195892575039494 0.08627920910724986
0 0.7721169036334913 0.7267825044937088 0.22037914691943128 0.09466746554823248
0 0.24447077409162718 0.8427201917315759 0.22037914691943128 0.12402636309167166
