0 0.27606635071090047 0.11114439784301977 0.1334913112164297 0.09886159376872379
0 0.4178515007898894 0.12162971839424805 0.09004739336492891 0.07070101857399641
0 0.5864928909952607 0.1189334931096465 0.11927330173775672 0.06291192330736968
0 0.7468404423380727 0.12642300778909527 0.1066350710900474 0.05751947273816657
0 0.2424960505529226 0.237866986219293 0.08688783570300158 0.09227082085080887
0 0.41390205371248023 0.25404433792690234 0.0947867298578199 0.08268424206111444
0 0.580173775671406 0.25224685440383465 0.09399684044233807 0.08268424206111444
0 0.735781990521327 0.26243259436788496 0.1287519747235387 0.04913121629718394
0 0.2693522906793049 0.39844218094667466 0.11374407582938388 0.07789095266626722
0 0.42851500789889413 0.38915518274415817 0.06398104265402843 0.09766327142001198
0 0.5462085308056872 0.39424805272618335 0.11137440758293839 0.07549430796884363
0 0.6974723538704581 0.3867585380467346 0.09004739336492891 0.08807669263031756
