0 0.24289099526066352 0.11294188136608747 0.10031595576619273 0.05212702216896345
0 0.42101105845181674 0.11054523666866388 0.13902053712480253 0.05452366686638706
0 0.6449447077409163 0.10844817255841822 0.13665086887835703 0.04913121629718394
0 0.2985781990521327 0.2249850209706411 0.1943127962085308 0.0677052127022169
0 0.6133491311216429 0.21360095865787898 0.20616113744075829 0.1360095865787897
0 0.2934439178515008 0.34901138406231275 0.19826224328593997 0.06890353505092871
0 0.5039494470774092 0.35020970641102456 0.19747235387045814 0.06890353505092871
0 0.7097156398104265 0.35020970641102456 0.2014218009478673 0.06890353505092871
0 0.30450236966824645 0.5029958058717795 0.19510268562401265 0.0677052127022169
0 0.622827804107425 0.4838226482923907 0.22511848341232227 0.06530856800479329
0 0.31200631911532384 0.6288196524865189 0.2132701421800948 0.0665068903535051
0 0.6421800947867299 0.6204313960455362 0.2116903633491311 0.1336129418813661
0 0.2578988941548183 0.78070701018574 0.13665086887835703 0.05991611743559017
0 0.4541864139020537 0.7801078490113841 0.15639810426540285 0.05991611743559017
0 0.70260663507109 0.7926902336728581 0.21406003159557663 0.0695026962252846
