0 0.27804107424960506 0.11863391252246855 0.1263823064770932 0.06470940683043738
0 0.4186413902053712 0.12222887956860395 0.12164296998420221 0.0659077291791492
0 0.5387045813586098 0.09676452965847814 0.10900473933649289 0.040143798681845415
0 0.6678515007898894 0.13451168364289995 0.15718799368088468 0.08448172558418214
0 0.3060821484992101 0.2213900539245057 0.179304897314376 0.0677052127022169
0 0.5466034755134281 0.23157579388855604 0.17535545023696683 0.05811863391252247
0 0.5493680884676145 0.3310365488316357 0.23617693522906794 0.0701018573996405
0 0.28001579778830965 0.41252246854403835 0.12243285939968404 0.0665068903535051
0 0.5805687203791469 0.41372079089275016 0.28751974723538704 0.0713001797483523
0 0.24131121642969983 0.4889155182744158 0.045023696682464455 0.033553025763930495
0 0.3183254344391785 0.4889155182744158 0.07109004739336493 0.04553624925104853
0 0.4451026856240126 0.49251048532055125 0.08925750394944708 0.04913121629718394
0 0.5675355450236966 0.49011384062312763 0.08451816745655608 0.05152786099460755
