0 0.23104265402843602 0.1366087477531456 0.08293838862559241 0.04553624925104853
0 0.3329383886255924 0.1360095865787897 0.060821484992101105 0.046734571599760334
0 0.4664296998420221 0.13421210305572198 0.07819905213270142 0.03714799281006591
0 0.46524486571879936 0.19053325344517677 0.07898894154818326 0.035949670461354104
0 0.23143759873617692 0.19263031755542243 0.08372827804107424 0.046135410425404436
0 0.33372827804107424 0.19203115638106652 0.060821484992101105 0.04733373277411624
0 0.22985781990521326 0.2615338526063511 0.08056872037914692 0.046135410425404436
0 0.3333333333333333 0.26243259436788496 0.0631911532385466 0.04913121629718394
0 0.46524486571879936 0.2615338526063511 0.07740916271721959 0.07729179149191133
0 0.22985781990521326 0.3280407429598562 0.08056872037914692 0.04493708807669263
0 0.33175355450236965 0.32774116237267825 0.06635071090047394 0.04793289394847214
0 0.46524486571879936 0.32594367884961056 0.08530805687203791 0.035949670461354104
0 0.23143759873617692 0.37896944278010786 0.08056872037914692 0.046135410425404436
0 0.3341232227488152 0.37986818454164173 0.06477093206951026 0.04793289394847214
0 0.466824644549763 0.37717195925704017 0.08372827804107424 0.03654883163571001
0 0.33372827804107424 0.4313960455362493 0.06398104265402843 0.04793289394847214
0 0.46524486571879936 0.4298981426003595 0.08214849921011058 0.0341521869382864
0 0.4656398104265403 0.48142600359496707 0.08135860979462875 0.0341521869382864
0 0.33372827804107424 0.5494307968843619 0.0655608214849921 0.04793289394847214
0 0.2306477093206951 0.54823247453565 0.08214849921011058 0.04553624925104853
0 0.33372827804107424 0.4835230677052127 0.060821484992101105 0.046734571599760334
0 0.2306477093206951 0.48322348711803476 0.09320695102685624 0.046135410425404436
0 0.466824644549763 0.548831635710006 0.07582938388625593 0.07908927501497903
0 0.22946287519747235 0.6303175554224086 0.08451816745655608 0.04553624925104853
0 0.33372827804107424 0.6312162971839425 0.06398104265402843 0.048532055122828044
0 0.4660347551342812 0.6306171360095866 0.07740916271721959 0.07849011384062313
0 0.23104265402843602 0.7127022168963452 0.09399684044233807 0.04733373277411624
0 0.3333333333333333 0.7124026363091672 0.0631911532385466 0.046734571599760334
0 0.4656398104265403 0.7121030557219893 0.07661927330173776 0.07729179149191133
0 0.23025276461295419 0.8013780707010186 0.08293838862559241 0.04733373277411624
0 0.3345181674565561 0.8004793289394847 0.06240126382306477 0.04913121629718394
0 0.4656398104265403 0.8001797483523068 0.07345971563981042 0.09047333732774117
0 0.2306477093206951 0.8864589574595566 0.08688783570300158 0.05092869982025165
0 0.33372827804107424 0.8870581186339126 0.06240126382306477 0.04373876572798083
0 0.4660347551342812 0.8867585380467345 0.07424960505529225 0.07789095266626722
