0 0.10584518167456555 0.11354104254044338 0.045813586097946286 0.0677052127022169
0 0.7243285939968405 0.11294188136608747 0.11216429699842022 0.053325344517675254
0 0.30726698262243285 0.11773517076093469 0.04897314375987362 0.06291192330736968
0 0.35821484992101105 0.11443978430197724 0.026066350710900472 0.04313960455362493
0 0.3937598736176935 0.11234272019173158 0.02448657187993681 0.03774715398442181
0 0.42812006319115326 0.11414020371479928 0.037914691943127965 0.04134212103055722
0 0.4656398104265403 0.11533852606351108 0.03712480252764613 0.04254044337926902
0 0.35308056872037913 0.1695626123427202 0.036334913112164295 0.039544637507489516
0 0.39652448657187994 0.16896345116836428 0.042654028436018954 0.04074295985620132
0 0.4332543443917851 0.1695626123427202 0.026066350710900472 0.039544637507489516
0 0.11808846761453397 0.2780107849011384 0.035545023696682464 0.05512282804074296
0 0.3590047393364929 0.2935889754343919 0.09399684044233807 0.09466746554823248
0 0.15126382306477093 0.4304973037747154 0.03712480252764613 0.05811863391252247
0 0.2282780410742496 0.42600359496704615 0.04897314375987362 0.08987417615338526
0 0.41429699842022116 0.4334931096464949 0.035545023696682464 0.09886159376872379
0 0.18246445497630331 0.5844817255841822 0.037914691943127965 0.09886159376872379
0 0.3641390205371248 0.5823846614739365 0.036334913112164295 0.09706411024565609
0 0.5963665086887836 0.22887956860395448 0.022116903633491312 0.028759736369083286
0 0.5979462875197472 0.27561414020371483 0.026856240126382307 0.03235470341521869
0 0.5971563981042654 0.3244457759137208 0.02527646129541864 0.03175554224086279
0 0.5983412322274881 0.37717195925704017 0.026066350710900472 0.04134212103055722
0 0.5975513428120063 0.43499101258238465 0.02448657187993681 0.04313960455362493
