0 0.7298578199052133 0.17705212702216896 0.11374407582938388 0.09286998202516478
0 0.5288309636650869 0.12342720191731577 0.10031595576619273 0.06351108448172559
0 0.3495260663507109 0.12552426602756142 0.08135860979462875 0.08568004793289395
0 0.18996840442338073 0.11863391252246855 0.08451816745655608 0.0659077291791492
0 0.19786729857819904 0.2495506291192331 0.0971563981042654 0.06890353505092871
0 0.36334913112164297 0.24116237267825044 0.12006319115323855 0.11563810665068903
0 0.5521327014218009 0.23996405032953866 0.12322274881516587 0.10724985020970641
0 0.3467614533965245 0.4562612342720192 0.08214849921011058 0.07249850209706411
0 0.5292259083728278 0.44248052726183346 0.12480252764612954 0.09406830437387657
0 0.6994470774091627 0.4439784301977232 0.11295418641390205 0.09227082085080887
0 0.5260663507109005 0.5982624325943678 0.11374407582938388 0.09766327142001198
