0 0.17338072669826224 0.09496704613541043 0.1382306477093207 0.05452366686638706
0 0.18009478672985782 0.1731575793888556 0.20063191153238547 0.046734571599760334
0 0.2981832543443918 0.08328340323547034 0.08451816745655608 0.046734571599760334
0 0.43167456556082145 0.0859796285200719 0.07345971563981042 0.04373876572798083
0 0.6398104265402843 0.09107249850209706 0.20695102685624012 0.05991611743559017
0 0.3862559241706161 0.12792091072498502 0.07898894154818326 0.04254044337926902
0 0.3858609794628752 0.17705212702216896 0.20300157977883096 0.05811863391252247
0 0.2839652448657188 0.256141402037148 0.2330173775671406 0.056920311563810666
0 0.622827804107425 0.1665668064709407 0.21879936808846762 0.07189934092270821
0 0.8278041074249605 0.11384062312762133 0.12322274881516587 0.04313960455362493
0 0.8092417061611374 0.16806470940683044 0.19510268562401265 0.06530856800479329
0 0.6165086887835702 0.25284601557819053 0.20458135860979462 0.05871779508687837
0 0.8266192733017378 0.24925104853205513 0.2014218009478673 0.05991611743559017
0 0.8127962085308057 0.35410425404433793 0.11690363349131122 0.035949670461354104
0 0.8092417061611374 0.32294787297783106 0.1018957345971564 0.035949670461354104
0 0.636255924170616 0.34541641701617737 0.146129541864139 0.04973037747153985
