0 0.15995260663507108 0.121929298981426 0.12085308056872038 0.09286998202516478
0 0.40126382306477093 0.12342720191731577 0.16587677725118483 0.08987417615338526
0 0.7156398104265402 0.12133013780707011 0.13744075829383887 0.05572198921509886
0 0.12045813586097946 0.33702816057519475 0.07503949447077408 0.04134212103055722
0 0.24170616113744076 0.33882564409826244 0.08056872037914692 0.06291192330736968
0 0.3830963665086888 0.3385260635110845 0.11532385466034754 0.09826243259436789
0 0.16350710900473933 0.43079688436189334 0.13902053712480253 0.08268424206111444
0 0.34834123222748814 0.4337926902336729 0.1579778830963665 0.08388256440982625
0 0.4075829383886256 0.5224685440383463 0.16429699842022116 0.08388256440982625
0 0.593996840442338 0.2390653085680048 0.0315955766192733 0.017974835230677052
0 0.5963665086887836 0.256141402037148 0.042654028436018954 0.018573996405032954
0 0.5963665086887836 0.2708208508088676 0.044233807266982623 0.028759736369083286
0 0.5920221169036335 0.2944877171959257 0.04660347551342812 0.020970641102456562
0 0.593996840442338 0.3148591971240264 0.05845181674565561 0.022168963451168366
0 0.5963665086887836 0.3334331935290593 0.045813586097946286 0.018573996405032954
0 0.5932069510268563 0.35470341521869386 0.05055292259083728 0.02037147992810066
0 0.5959715639810427 0.3750748951467945 0.06240126382306477 0.021569802276812464
0 0.5967614533965245 0.3945476333133613 0.035545023696682464 0.01737567405632115
0 0.594391785150079 0.41372079089275016 0.030805687203791468 0.01737567405632115
0 0.593996840442338 0.43079688436189334 0.04107424960505529 0.016776512881965248
0 0.5951816745655608 0.44937088076692633 0.021327014218009477 0.014379868184541643
0 0.5951816745655608 0.4715398442180947 0.03238546603475513 0.026363091671659677
0 0.594391785150079 0.49730377471539844 0.05766192733017377 0.025164769322947873
0 0.5951816745655608 0.5209706411024566 0.04028436018957346 0.02696225284601558
0 0.5955766192733017 0.5476333133612942 0.05687203791469194 0.025164769322947873
0 0.5947867298578199 0.5718993409227082 0.03949447077409163 0.025763930497303775
0 0.5951816745655608 0.5988615937687238 0.04660347551342812 0.028160575194727384
0 0.5959715639810427 0.6270221689634512 0.045023696682464455 0.040143798681845415
0 0.593996840442338 0.6605751947273817 0.07109004739336493 0.02696225284601558
