0 0.3593996840442338 0.14499700419412823 0.22274881516587677 0.08747753145596165
0 0.6398104265402843 0.14619532654284004 0.2211690363349131 0.08747753145596165
0 0.43167456556082145 0.29598562013181545 0.20616113744075829 0.08388256440982625
0 0.6927330173775671 0.2962852007189934 0.20063191153238547 0.08208508088675855
0 0.4976303317535545 0.45146794487717196 0.1263823064770932 0.07849011384062313
0 0.39731437598736175 0.5518274415817855 0.061611374407582936 0.02756141402037148
0 0.405608214849921 0.5865787896944278 0.07187993680884676 0.029958058717795086
0 0.40442338072669826 0.6231276213301378 0.07109004739336493 0.03115638106650689
0 0.4048183254344392 0.6596764529658479 0.07345971563981042 0.029958058717795086
0 0.3921800947867298 0.694727381665668 0.04818325434439179 0.025763930497303775
0 0.4174565560821485 0.7327741162372678 0.10505529225908372 0.0347513481126423
0 0.405608214849921 0.7720191731575794 0.07345971563981042 0.029358897543439184
0 0.4060031595576619 0.8091671659676453 0.07424960505529225 0.029358897543439184
0 0.4036334913112164 0.8436189334931097 0.07109004739336493 0.026363091671659677
0 0.4040284360189573 0.8765727980826843 0.07187993680884676 0.026363091671659677
0 0.4036334913112164 0.9095266626722589 0.07109004739336493 0.025164769322947873
