0 0.25355450236966826 0.14949071300179748 0.10584518167456555 0.14799281006590773
0 0.4225908372827804 0.1366087477531456 0.08688783570300158 0.15338526063511085
0 0.5932069510268563 0.14080287597363692 0.09636650868878358 0.14859197124026363
0 0.7440758293838863 0.14469742360695026 0.11374407582938388 0.1431995206710605
0 0.21090047393364927 0.36968244457759136 0.08530805687203791 0.09107249850209706
0 0.4028436018957346 0.3744757339724386 0.08214849921011058 0.08627920910724986
0 0.608609794628752 0.3792690233672858 0.08451816745655608 0.08747753145596165
0 0.8076619273301737 0.3774715398442181 0.08293838862559241 0.08987417615338526
0 0.20537124802527645 0.524266027561414 0.08056872037914692 0.0683043738765728
0 0.4052132701421801 0.5233672857998802 0.07898894154818326 0.06890353505092871
0 0.5936018957345971 0.5248651887357699 0.09399684044233807 0.0683043738765728
0 0.7808056872037915 0.5089874176153385 0.09083728278041074 0.09526662672258839
0 0.22235387045813584 0.6428999400838826 0.1018957345971564 0.06351108448172559
0 0.39454976303317535 0.640503295386459 0.07977883096366509 0.07789095266626722
0 0.5947867298578199 0.6414020371479928 0.08056872037914692 0.07609346914319952
0 0.7835703001579779 0.6375074895146795 0.08056872037914692 0.07309766327142002
