0 0.15165876777251186 0.39035350509287 0.12322274881516587 0.059316956261234274
0 0.28672985781990523 0.39005392450569204 0.12322274881516587 0.05991611743559017
0 0.4158767772511848 0.39035350509287 0.12243285939968404 0.059316956261234274
0 0.14691943127962084 0.47783103654883163 0.12164296998420221 0.08208508088675855
0 0.2839652448657188 0.4781306171360096 0.1240126382306477 0.08268424206111444
0 0.4166666666666667 0.4781306171360096 0.12243285939968404 0.08268424206111444
0 0.17061611374407581 0.5784901138406231 0.12322274881516587 0.08448172558418214
0 0.36058451816745657 0.5892750149790293 0.14770932069510267 0.06051527860994608
0 0.17654028436018956 0.6701617735170761 0.13507109004739337 0.06171360095865788
0 0.3637440758293839 0.6698621929298981 0.1524486571879937 0.05871779508687837
0 0.30213270142180093 0.8675853804673458 0.10979462875197472 0.04913121629718394
0 0.4636650868878357 0.8726782504493709 0.06003159557661927 0.03894547633313361
0 0.5746445497630331 0.8460155781905333 0.08609794628751975 0.05991611743559017
0 0.6883886255924171 0.8648891551827442 0.12717219589257503 0.08568004793289395
