0 0.6003159557661927 0.15757938885560216 0.20221169036334913 0.05871779508687837
0 0.32582938388625593 0.15698022768124625 0.19036334913112163 0.05991611743559017
0 0.33649289099526064 0.09556620730976632 0.21484992101105846 0.01737567405632115
0 0.584913112164297 0.09856201318154584 0.2014218009478673 0.018573996405032954
0 0.3570300157977883 0.2279808268424206 0.27330173775671407 0.04733373277411624
0 0.31714060031595576 0.2935889754343919 0.05924170616113744 0.05392450569203116
0 0.40916271721958924 0.35050928699820255 0.20853080568720378 0.06470940683043738
0 0.5643759873617693 0.3517076093469143 0.060821484992101105 0.05392450569203116
0 0.5150078988941548 0.43618933493109646 0.2638230647709321 0.08148591971240264
0 0.3187203791469194 0.4286998202516477 0.05608214849921011 0.06291192330736968
0 0.40639810426540285 0.5110844817255842 0.3372827804107425 0.05751947273816657
0 0.4036334913112164 0.5710005991611744 0.334913112164297 0.052726183343319355
