0 0.49881516587677727 0.12432594367884961 0.146129541864139 0.07849011384062313
0 0.35545023696682465 0.24895146794487719 0.05845181674565561 0.029358897543439184
0 0.2626382306477093 0.25014979029358897 0.07345971563981042 0.04373876572798083
0 0.4707740916271722 0.2504493708807669 0.06951026856240126 0.033553025763930495
0 0.26421800947867297 0.31665668064709407 0.07819905213270142 0.048532055122828044
0 0.3542654028436019 0.31755542240862794 0.05608214849921011 0.029958058717795086
0 0.4707740916271722 0.316956261234272 0.07109004739336493 0.0347513481126423
0 0.2618483412322275 0.40143798681845416 0.07187993680884676 0.04793289394847214
0 0.3558451816745656 0.40053924505692035 0.05766192733017377 0.028160575194727384
0 0.4695892575039494 0.40233672857998803 0.06872037914691943 0.07849011384062313
0 0.3558451816745656 0.46674655482324745 0.05766192733017377 0.04074295985620132
0 0.4703791469194313 0.46674655482324745 0.06872037914691943 0.03235470341521869
0 0.26303317535545023 0.46674655482324745 0.07424960505529225 0.04553624925104853
0 0.26421800947867297 0.5152786099460755 0.07187993680884676 0.04433792690233673
0 0.35545023696682465 0.5143798681845416 0.05529225908372828 0.03894547633313361
0 0.4703791469194313 0.5158777711204314 0.06872037914691943 0.04553624925104853
0 0.46998420221169035 0.5751947273816657 0.0679304897314376 0.0683043738765728
0 0.353870458135861 0.5751947273816657 0.05529225908372828 0.041941282204913125
0 0.2638230647709321 0.5742959856201318 0.07266982622432859 0.04733373277411624
0 0.26342812006319116 0.6515877771120432 0.08135860979462875 0.046135410425404436
0 0.3542654028436019 0.6515877771120432 0.060821484992101105 0.040143798681845415
0 0.4695892575039494 0.6512881965248652 0.0703001579778831 0.07908927501497903
0 0.46800947867298576 0.7327741162372678 0.0703001579778831 0.07789095266626722
0 0.353870458135861 0.7336728579988017 0.05845181674565561 0.040143798681845415
0 0.26303317535545023 0.7324745356500899 0.07109004739336493 0.04733373277411624
0 0.26421800947867297 0.8130617136009587 0.07345971563981042 0.04553624925104853
0 0.35347551342812006 0.8136608747753146 0.05766192733017377 0.04074295985620132
0 0.4703791469194313 0.8136608747753146 0.0703001579778831 0.07908927501497903
0 0.2638230647709321 0.8870581186339126 0.07109004739336493 0.046135410425404436
0 0.3542654028436019 0.8870581186339126 0.05608214849921011 0.04493708807669263
0 0.4703791469194313 0.8861593768723787 0.06872037914691943 0.03115638106650689
