0 0.5075039494470774 0.12672258837627323 0.11769352290679305 0.08328340323547034
0 0.45813586097946285 0.243858597962852 0.02527646129541864 0.039544637507489516
0 0.45813586097946285 0.29179149191132414 0.026856240126382307 0.039544637507489516
0 0.45813586097946285 0.33822648292390656 0.02527646129541864 0.040143798681845415
0 0.457740916271722 0.3867585380467346 0.026066350710900472 0.040143798681845415
0 0.46011058451816744 0.4397843019772319 0.04660347551342812 0.04553624925104853
0 0.4585308056872038 0.49041342121030557 0.035545023696682464 0.03894547633313361
0 0.457740916271722 0.5374475733972439 0.03712480252764613 0.039544637507489516
0 0.45813586097946285 0.5841821449970042 0.037914691943127965 0.03834631515877771
0 0.457740916271722 0.6300179748352307 0.04660347551342812 0.040143798681845415
0 0.46011058451816744 0.676752546434991 0.05134281200631911 0.04134212103055722
0 0.4589257503949447 0.725584182144997 0.052132701421800945 0.04074295985620132
0 0.45813586097946285 0.7768124625524266 0.02843601895734597 0.046135410425404436
0 0.457740916271722 0.8304373876572798 0.02764612954186414 0.04553624925104853
