0 0.28278041074249605 0.13810665068903535 0.08056872037914692 0.05212702216896345
0 0.3657187993680885 0.11174355901737568 0.052132701421800945 0.05811863391252247
0 0.46998420221169035 0.14170161773517076 0.12006319115323855 0.1012582384661474
0 0.6354660347551343 0.13930497303774717 0.14139020537124802 0.09286998202516478
0 0.7053712480252764 0.4017375674056321 0.15639810426540285 0.11084481725584182
0 0.5462085308056872 0.4029358897543439 0.14454976303317535 0.10365488316357101
0 0.4000789889415482 0.402636309167166 0.14139020537124802 0.0994607549430797
0 0.2693522906793049 0.3909526662672259 0.08372827804107424 0.05572198921509886
0 0.2815955766192733 0.4541641701617735 0.07187993680884676 0.04313960455362493
0 0.2981832543443918 0.4796285200718994 0.04818325434439179 0.028160575194727384
0 0.28278041074249605 0.5149790293588975 0.07266982622432859 0.046135410425404436
0 0.30529225908372826 0.5404433792690234 0.04186413902053712 0.026363091671659677
