0 0.24881516587677724 0.19263031755542243 0.07582938388625593 0.05572198921509886
0 0.4154818325434439 0.09736369083283404 0.08846761453396525 0.0677052127022169
0 0.4206161137440758 0.1731575793888556 0.07661927330173776 0.0695026962252846
0 0.4225908372827804 0.24925104853205513 0.08056872037914692 0.0659077291791492
0 0.4214060031595577 0.3271420011983224 0.08293838862559241 0.0695026962252846
0 0.6500789889415481 0.18753744757339724 0.11058451816745656 0.11983223487118035
0 0.3285939968404423 0.444877171959257 0.13270142180094788 0.07968843618933494
0 0.29541864139020535 0.5698022768124625 0.09004739336492891 0.08148591971240264
0 0.4968404423380727 0.44967046135410427 0.1769352290679305 0.09286998202516478
0 0.6710110584518167 0.4421809466746555 0.13665086887835703 0.08268424206111444
0 0.46327014218009477 0.5823846614739365 0.16192733017377567 0.09826243259436789
0 0.674565560821485 0.5832834032354703 0.18641390205371247 0.09167165967645297
0 0.48183254344391785 0.6959257040143799 0.18799368088467613 0.06530856800479329
