0 0.2725118483412322 0.5266626722588377 0.12164296998420221 0.04074295985620132
0 0.4419431279620853 0.5260635110844817 0.20774091627172195 0.08388256440982625
0 0.608609794628752 0.5296584781306172 0.054502369668246446 0.08268424206111444
0 0.726303317535545 0.5260635110844817 0.10979462875197472 0.06111443978430198
0 0.2796208530805687 0.6473936488915518 0.11690363349131122 0.10605152786099462
0 0.4186413902053712 0.6698621929298981 0.11216429699842022 0.06111443978430198
0 0.561216429699842 0.6494907130017975 0.11769352290679305 0.0994607549430797
0 0.7124802527646129 0.6569802276812463 0.14218009478672985 0.06411024565608149
0 0.6820695102685624 0.7594367884961055 0.2282780410742496 0.05452366686638706
0 0.49921011058451814 0.7672258837627322 0.1263823064770932 0.04973037747153985
0 0.3834913112164297 0.7648292390653085 0.09083728278041074 0.056920311563810666
0 0.27804107424960506 0.762732174955063 0.08530805687203791 0.052726183343319355
0 0.3467614533965245 0.8565008987417616 0.07898894154818326 0.07249850209706411
0 0.4901263823064771 0.8571000599161175 0.09083728278041074 0.059316956261234274
0 0.6406003159557662 0.8514080287597364 0.09794628751974724 0.05991611743559017
