0 0.3645339652448657 0.14709406830437388 0.1287519747235387 0.10365488316357101
0 0.509478672985782 0.14200119832234873 0.11690363349131122 0.11264230077890953
0 0.6386255924170616 0.14859197124026363 0.11611374407582938 0.1006590772917915
0 0.32661927330173773 0.2792091072498502 0.03712480252764613 0.02396644697423607
0 0.32977883096366506 0.3058717795086878 0.026066350710900472 0.01378070701018574
0 0.3293838862559242 0.33582983822648294 0.03949447077409163 0.018573996405032954
0 0.3281990521327014 0.36458957459556623 0.038704581358609796 0.022168963451168366
0 0.32898894154818326 0.3915518274415818 0.04976303317535545 0.020970641102456562
0 0.3285939968404423 0.42061114439784303 0.044233807266982623 0.016776512881965248
0 0.32977883096366506 0.44937088076692633 0.05134281200631911 0.014379868184541643
0 0.32977883096366506 0.4763331336129419 0.04186413902053712 0.019173157579388856
0 0.32898894154818326 0.5032953864589574 0.05134281200631911 0.019173157579388856
0 0.33096366508688785 0.5320551228280408 0.04739336492890995 0.02037147992810066
0 0.3293838862559242 0.5599161174355902 0.052132701421800945 0.019772318753744758
0 0.3285939968404423 0.5889754343918514 0.061611374407582936 0.021569802276812464
0 0.330173775671406 0.6216297183942481 0.03949447077409163 0.0329538645895746
0 0.32898894154818326 0.6503894547633313 0.026066350710900472 0.019772318753744758
0 0.32898894154818326 0.6785500299580587 0.030805687203791468 0.023367285799880167
0 0.32898894154818326 0.7082085080886759 0.030805687203791468 0.022768124625524265
0 0.3285939968404423 0.7351707609346915 0.030015797788309637 0.022768124625524265
0 0.32977883096366506 0.7666267225883763 0.03238546603475513 0.025763930497303775
0 0.32898894154818326 0.7950868783702816 0.03712480252764613 0.026363091671659677
0 0.32977883096366506 0.8214499700419413 0.04344391785150079 0.019173157579388856
0 0.33096366508688785 0.8457159976033554 0.03949447077409163 0.019772318753744758
0 0.32977883096366506 0.8744757339724386 0.03238546603475513 0.018573996405032954
0 0.32898894154818326 0.8975434391851408 0.04028436018957346 0.016776512881965248
0 0.3281990521327014 0.9248052726183343 0.054502369668246446 0.020970641102456562
