0 0.11848341232227488 0.2285799880167765 0.061611374407582936 0.03654883163571001
0 0.19510268562401265 0.22738166566806473 0.07109004739336493 0.048532055122828044
0 0.4146919431279621 0.22588376273217495 0.12954186413902052 0.03714799281006591
0 0.4324644549763033 0.292690233672858 0.0924170616113744 0.04373876572798083
0 0.11492890995260663 0.29718394248052726 0.052922590837282776 0.033553025763930495
0 0.20576619273301738 0.29898142600359495 0.06714060031595577 0.035949670461354104
0 0.11532385466034754 0.3714799281006591 0.053712480252764615 0.03235470341521869
0 0.20813586097946288 0.372079089275015 0.06240126382306477 0.0695026962252846
0 0.4324644549763033 0.3711803475134811 0.08925750394944708 0.0701018573996405
0 0.11374407582938388 0.45536249251048533 0.04897314375987362 0.046734571599760334
0 0.1919431279620853 0.46135410425404433 0.09320695102685624 0.035949670461354104
0 0.4174565560821485 0.45536249251048533 0.11927330173775672 0.05392450569203116
0 0.19036334913112163 0.5266626722588377 0.11690363349131122 0.039544637507489516
0 0.3882306477093207 0.5254643499101258 0.165086887835703 0.04313960455362493
0 0.21011058451816744 0.5991611743559018 0.12006319115323855 0.04433792690233673
0 0.22077409162717218 0.6929298981426004 0.11295418641390205 0.03774715398442181
0 0.221563981042654 0.7585380467345716 0.11295418641390205 0.041941282204913125
0 0.2116903633491311 0.8343319352905932 0.1311216429699842 0.04254044337926902
0 0.21208530805687204 0.9047333732774117 0.13033175355450236 0.039544637507489516
0 0.5699052132701422 0.7034152186938286 0.11611374407582938 0.05991611743559017
0 0.5592417061611374 0.7582384661473937 0.1311216429699842 0.04254044337926902
0 0.5813586097946287 0.8175554224086279 0.13744075829383887 0.048532055122828044
0 0.5703001579778831 0.877771120431396 0.11532385466034754 0.04793289394847214
