0 0.4976303317535545 0.14499700419412823 0.15481832543443919 0.07908927501497903
0 0.15363349131121642 0.25284601557819053 0.05924170616113744 0.03235470341521869
0 0.1528436018957346 0.30017974835230676 0.06714060031595577 0.029958058717795086
0 0.1552132701421801 0.33493109646494906 0.06240126382306477 0.029958058717795086
0 0.15560821484992102 0.3690832834032355 0.05845181674565561 0.029958058717795086
0 0.15560821484992102 0.40323547034152185 0.06003159557661927 0.03115638106650689
0 0.14691943127962084 0.4364889155182744 0.05845181674565561 0.0329538645895746
0 0.15481832543443919 0.4706411024565608 0.06951026856240126 0.03175554224086279
0 0.15481832543443919 0.5056920311563811 0.07266982622432859 0.03235470341521869
0 0.15126382306477093 0.542240862792091 0.0655608214849921 0.03115638106650689
0 0.14454976303317535 0.5769922109047334 0.06477093206951026 0.03115638106650689
0 0.14770932069510267 0.6138406231276213 0.061611374407582936 0.03175554224086279
0 0.15679304897314375 0.6536848412222888 0.07187993680884676 0.039544637507489516
0 0.1484992101105845 0.7037147992810066 0.0631911532385466 0.040143798681845415
0 0.5813586097946287 0.2504493708807669 0.0631911532385466 0.03235470341521869
0 0.5817535545023697 0.3025763930497304 0.06398104265402843 0.03714799281006591
0 0.5833333333333334 0.3445176752546435 0.06240126382306477 0.04313960455362493
0 0.5809636650868878 0.38406231276213304 0.0655608214849921 0.035949670461354104
0 0.5821484992101106 0.4227082085080887 0.0631911532385466 0.03654883163571001
0 0.5797788309636651 0.47094068304373876 0.06477093206951026 0.03714799281006591
0 0.5805687203791469 0.5200718993409227 0.07109004739336493 0.04313960455362493
0 0.5825434439178515 0.5647094068304374 0.06872037914691943 0.04493708807669263
0 0.5860979462875198 0.6111443978430198 0.07898894154818326 0.04074295985620132
0 0.5837282780410742 0.6653684841222289 0.07424960505529225 0.03175554224086279
