0 0.18404423380726698 0.10545236668663871 0.09636650868878358 0.033553025763930495
0 0.3234597156398104 0.10515278609946076 0.09557661927330173 0.03894547633313361
0 0.4676145339652449 0.10754943079688437 0.10426540284360189 0.04254044337926902
0 0.6311216429699842 0.10605152786099462 0.10426540284360189 0.04553624925104853
0 0.8021327014218009 0.10455362492510485 0.13033175355450236 0.046135410425404436
0 0.7902843601895735 0.20701018573996405 0.13981042654028436 0.04733373277411624
0 0.5967614533965245 0.2049131216297184 0.12717219589257503 0.04913121629718394
0 0.4225908372827804 0.2067106051527861 0.1358609794628752 0.04313960455362493
0 0.24091627172195892 0.20701018573996405 0.11374407582938388 0.04733373277411624
0 0.278436018957346 0.34931096464949074 0.09399684044233807 0.04433792690233673
0 0.4557661927330174 0.3508088675853805 0.13270142180094788 0.04134212103055722
0 0.6563981042654028 0.35140802875973637 0.12164296998420221 0.046135410425404436
0 0.6927330173775671 0.4212103055721989 0.1579778830963665 0.04553624925104853
0 0.4921011058451817 0.4191132414619533 0.13744075829383887 0.04733373277411624
0 0.30529225908372826 0.42180946674655484 0.15086887835703 0.03834631515877771
