0 0.20655608214849921 0.621929298981426 0.15086887835703 0.04313960455362493
0 0.3909952606635071 0.6318154583582984 0.13428120063191154 0.06051527860994608
0 0.4466824644549763 0.7103055721989215 0.04660347551342812 0.040143798681845415
0 0.23025276461295419 0.8418214499700419 0.10347551342812006 0.041941282204913125
0 0.3597946287519747 0.8352306770521271 0.11611374407582938 0.05152786099460755
0 0.5201421800947867 0.8358298382264829 0.11927330173775672 0.04913121629718394
0 0.6816745655608215 0.8361294188136609 0.13428120063191154 0.04973037747153985
0 0.5576619273301737 0.4952067106051528 0.07740916271721959 0.03894547633313361
0 0.6560031595576619 0.5452366686638705 0.1240126382306477 0.05392450569203116
0 0.8459715639810427 0.5452366686638705 0.14375987361769352 0.05392450569203116
0 0.5955766192733017 0.7139005392450569 0.15639810426540285 0.03654883163571001
0 0.7468404423380727 0.701617735170761 0.10979462875197472 0.05871779508687837
0 0.8538704581358609 0.6998202516476932 0.1263823064770932 0.06351108448172559
