0 0.5011848341232228 0.1195326542840024 0.25355450236966826 0.0713001797483523
0 0.21682464454976302 0.31426003594967045 0.060821484992101105 0.035350509286998205
0 0.6528436018957345 0.22618334331935291 0.07503949447077408 0.0341521869382864
0 0.6512638230647709 0.2585380467345716 0.08609794628751975 0.02456560814859197
0 0.6500789889415481 0.2884961054523667 0.07424960505529225 0.0329538645895746
0 0.21998420221169035 0.35140802875973637 0.052922590837282776 0.035350509286998205
0 0.6398104265402843 0.32983822648292394 0.07582938388625593 0.04493708807669263
0 0.22037914691943128 0.39484721390053923 0.053712480252764615 0.0347513481126423
0 0.6406003159557662 0.3708807669263032 0.04739336492890995 0.029958058717795086
0 0.65086887835703 0.41671659676452966 0.07582938388625593 0.035350509286998205
0 0.22235387045813584 0.42959856201318153 0.08609794628751975 0.02756141402037148
0 0.6453396524486572 0.45476333133612945 0.08214849921011058 0.03714799281006591
0 0.21445497630331753 0.46255242660275614 0.07187993680884676 0.033553025763930495
0 0.2160347551342812 0.4970041941282205 0.0655608214849921 0.0329538645895746
0 0.6453396524486572 0.4946075494307969 0.08688783570300158 0.03774715398442181
0 0.21761453396524486 0.5275614140203715 0.0703001579778831 0.03175554224086279
0 0.2231437598736177 0.5650089874176154 0.07345971563981042 0.029958058717795086
0 0.22393364928909953 0.6000599161174356 0.06398104265402843 0.028160575194727384
0 0.2278830963665087 0.6375074895146795 0.05924170616113744 0.028759736369083286
0 0.22985781990521326 0.6713600958657879 0.07582938388625593 0.03175554224086279
0 0.6548183254344392 0.5266626722588377 0.05687203791469194 0.029958058717795086
0 0.660347551342812 0.5596165368484123 0.07109004739336493 0.03834631515877771
0 0.6563981042654028 0.5979628520071899 0.0679304897314376 0.03235470341521869
0 0.6484992101105845 0.6396045536249251 0.11058451816745656 0.04134212103055722
0 0.34834123222748814 0.7765128819652487 0.24486571879936808 0.07549430796884363
0 0.6453396524486572 0.7720191731575794 0.24486571879936808 0.07849011384062313
