0 0.2725118483412322 0.14589574595566207 0.10110584518167456 0.07729179149191133
0 0.28001579778830965 0.28490113840623127 0.1240126382306477 0.1024565608148592
0 0.5876777251184834 0.1042540443379269 0.07582938388625593 0.04793289394847214
0 0.7156398104265402 0.13810665068903535 0.12322274881516587 0.10005991611743559
0 0.7176145339652449 0.28400239664469745 0.11927330173775672 0.1018573996405033
0 0.6070300157977883 0.25823846614739365 0.06240126382306477 0.03115638106650689
0 0.4913112164296998 0.28280407429598564 0.1263823064770932 0.1018573996405033
0 0.24486571879936808 0.4469742360695027 0.11848341232227488 0.09346914319952067
0 0.2559241706161137 0.4988016776512882 0.14375987361769352 0.012582384661473937
0 0.2638230647709321 0.5197723187537447 0.13270142180094788 0.028160575194727384
0 0.2819905213270142 0.5892750149790293 0.11216429699842022 0.09167165967645297
0 0.2792259083728278 0.6423007789095266 0.1334913112164297 0.013181545835829839
0 0.27567140600315954 0.6677651288196526 0.13744075829383887 0.029358897543439184
0 0.27804107424960506 0.7354703415218694 0.12322274881516587 0.09286998202516478
0 0.2792259083728278 0.7941881366087478 0.1524486571879937 0.01378070701018574
0 0.2725118483412322 0.8127621330137808 0.13902053712480253 0.02456560814859197
