0 0.12480252764612954 0.18124625524266028 0.08056872037914692 0.06411024565608149
0 0.2424960505529226 0.18184541641701618 0.13428120063191154 0.06530856800479329
0 0.3937598736176935 0.18094667465548234 0.17140600315955765 0.06351108448172559
0 0.14533965244865718 0.316956261234272 0.12164296998420221 0.06470940683043738
0 0.41390205371248023 0.31725584182145 0.13902053712480253 0.06411024565608149
0 0.2744865718799368 0.31635710005991613 0.11453396524486571 0.07070101857399641
0 0.12954186413902052 0.6270221689634512 0.08846761453396525 0.0665068903535051
0 0.2772511848341232 0.6252246854403835 0.13270142180094788 0.0701018573996405
0 0.4419431279620853 0.6174355901737567 0.09399684044233807 0.08448172558418214
0 0.2981832543443918 0.8978430197723187 0.12243285939968404 0.05572198921509886
0 0.6338862559241706 0.8924505692031156 0.2519747235387046 0.05092869982025165
