0 0.21524486571879936 0.1554823247453565 0.11769352290679305 0.08088675853804674
0 0.37085308056872035 0.1548831635710006 0.11611374407582938 0.07968843618933494
0 0.19984202211690363 0.27291791491911327 0.12322274881516587 0.09886159376872379
0 0.35347551342812006 0.2732174955062912 0.11769352290679305 0.09826243259436789
0 0.3669036334913112 0.4580587177950869 0.11927330173775672 0.10005991611743559
0 0.5552922590837283 0.4592570401437987 0.12164296998420221 0.09766327142001198
0 0.30015797788309634 0.6228280407429598 0.11690363349131122 0.1012582384661474
0 0.4873617693522907 0.6213301378070701 0.11690363349131122 0.1042540443379269
0 0.6848341232227488 0.622228879568604 0.1263823064770932 0.10365488316357101
0 0.47195892575039494 0.7881965248651888 0.14454976303317535 0.10605152786099462
0 0.6895734597156398 0.7878969442780108 0.12164296998420221 0.11144397843019772
