0 0.3526856240126382 0.11683642899940085 0.07819905213270142 0.05991611743559017
0 0.6488941548183255 0.11563810665068903 0.07503949447077408 0.06231276213301378
0 0.3293838862559242 0.23187537447573398 0.05845181674565561 0.02037147992810066
0 0.32977883096366506 0.274415817855003 0.05766192733017377 0.02037147992810066
0 0.3305687203791469 0.310964649490713 0.04818325434439179 0.029958058717795086
0 0.33372827804107424 0.341521869382864 0.04976303317535545 0.026363091671659677
0 0.669826224328594 0.23097663271420013 0.052132701421800945 0.05572198921509886
0 0.6682464454976303 0.2771120431396046 0.06003159557661927 0.029358897543439184
0 0.6678515007898894 0.30766926303175557 0.060821484992101105 0.0329538645895746
0 0.6642969984202212 0.3406231276213301 0.04897314375987362 0.028160575194727384
0 0.5691153238546603 0.44637507489514683 0.1018957345971564 0.05032953864589575
0 0.8672985781990521 0.44637507489514683 0.09794628751974724 0.05632115038945477
