0 0.49842022116903634 0.12133013780707011 0.04739336492890995 0.02456560814859197
0 0.4968404423380727 0.15997603355302575 0.042654028436018954 0.02396644697423607
0 0.42851500789889413 0.1983223487118035 0.03238546603475513 0.025164769322947873
0 0.5011848341232228 0.19952067106051527 0.05134281200631911 0.02396644697423607
0 0.49960505529225907 0.23636908328340325 0.045023696682464455 0.028160575194727384
0 0.4972353870458136 0.2792091072498502 0.04818325434439179 0.02396644697423607
0 0.43285939968404424 0.27890952666267227 0.04107424960505529 0.03175554224086279
0 0.4980252764612954 0.3199520671060515 0.04976303317535545 0.021569802276812464
0 0.4980252764612954 0.35949670461354105 0.04186413902053712 0.025164769322947873
0 0.4980252764612954 0.4020371479928101 0.045023696682464455 0.025164769322947873
0 0.49921011058451814 0.4409826243259437 0.045813586097946286 0.02396644697423607
0 0.5011848341232228 0.4766327142001198 0.045023696682464455 0.025763930497303775
0 0.49644549763033174 0.518573996405033 0.04976303317535545 0.025763930497303775
0 0.42890995260663506 0.5188735769922109 0.030015797788309637 0.03235470341521869
0 0.35031595576619273 0.560814859197124 0.04344391785150079 0.02756141402037148
0 0.34873617693522907 0.5991611743559018 0.03712480252764613 0.028759736369083286
0 0.3546603475513428 0.6375074895146795 0.03949447077409163 0.028759736369083286
0 0.35031595576619273 0.6785500299580587 0.04344391785150079 0.0329538645895746
0 0.49921011058451814 0.5617136009586579 0.053712480252764615 0.02696225284601558
0 0.4960505529225908 0.6009586578789694 0.042654028436018954 0.028759736369083286
0 0.4968404423380727 0.639904134212103 0.04107424960505529 0.028759736369083286
0 0.4976303317535545 0.6794487717195926 0.04897314375987362 0.026363091671659677
0 0.42890995260663506 0.6785500299580587 0.037914691943127965 0.025763930497303775
0 0.5031595576619273 0.7210904733373278 0.053712480252764615 0.02696225284601558
0 0.5 0.7732174955062913 0.053712480252764615 0.029358897543439184
0 0.49447077409162715 0.8268424206111444 0.036334913112164295 0.028759736369083286
0 0.4980252764612954 0.8690832834032355 0.045023696682464455 0.0341521869382864
0 0.4980252764612954 0.9158178550029958 0.0339652448657188 0.0329538645895746
