0 0.15205371248025276 0.15518274415817856 0.13665086887835703 0.07070101857399641
0 0.278436018957346 0.12342720191731577 0.052922590837282776 0.016776512881965248
0 0.3665086887835703 0.12552426602756142 0.052132701421800945 0.023367285799880167
0 0.3657187993680885 0.1482923906530857 0.04897314375987362 0.022168963451168366
0 0.2792259083728278 0.15038945476333135 0.045023696682464455 0.019173157579388856
0 0.36492890995260663 0.17285799880167765 0.05055292259083728 0.022168963451168366
0 0.36611374407582936 0.19742360695026961 0.05134281200631911 0.023367285799880167
0 0.278436018957346 0.19712402636309168 0.04818325434439179 0.011983223487118035
0 0.3657187993680885 0.2219892150988616 0.05055292259083728 0.022168963451168366
0 0.3684834123222749 0.24655482324745356 0.05608214849921011 0.022168963451168366
0 0.36808846761453395 0.2708208508088676 0.05529225908372828 0.02396644697423607
0 0.36808846761453395 0.29179149191132414 0.05529225908372828 0.017974835230677052
0 0.367693522906793 0.310964649490713 0.054502369668246446 0.017974835230677052
0 0.3755924170616114 0.33373277411623725 0.07187993680884676 0.021569802276812464
0 0.36611374407582936 0.35769922109047336 0.04660347551342812 0.02037147992810066
0 0.36611374407582936 0.38076692630317555 0.04976303317535545 0.019772318753744758
