0 0.3305687203791469 0.11354104254044338 0.1919431279620853 0.09167165967645297
0 0.5209320695102686 0.11743559017375674 0.16666666666666666 0.07429598562013182
0 0.6951026856240127 0.11743559017375674 0.16429699842022116 0.11024565608148593
0 0.43088467614533965 0.2055122828040743 0.20616113744075829 0.07549430796884363
0 0.6101895734597156 0.2061114439784302 0.13033175355450236 0.052726183343319355
0 0.2938388625592417 0.3403235470341522 0.11374407582938388 0.0683043738765728
0 0.4352290679304897 0.3343319352905932 0.14218009478672985 0.12941881366087477
0 0.6054502369668247 0.33792690233672856 0.17140600315955765 0.11623726782504494
0 0.5963665086887836 0.4433792690233673 0.1721958925750395 0.12342720191731577
0 0.36492890995260663 0.44967046135410427 0.2622432859399684 0.07849011384062313
0 0.35031595576619273 0.5829838226482924 0.22669826224328593 0.07070101857399641
0 0.566350710900474 0.5707010185739965 0.1674565560821485 0.1024565608148592
0 0.3451816745655608 0.6818454164170162 0.21800947867298578 0.05392450569203116
0 0.5726698262243286 0.6821449970041942 0.2116903633491311 0.06171360095865788
