0 0.2883096366508689 0.13271420011983223 0.13428120063191154 0.09886159376872379
0 0.18167456556082148 0.2696225284601558 0.06477093206951026 0.035949670461354104
0 0.18167456556082148 0.29898142600359495 0.0679304897314376 0.02756141402037148
0 0.18167456556082148 0.3364289994008388 0.07898894154818326 0.03055721989215099
0 0.18325434439178515 0.39904134212103054 0.05687203791469194 0.035949670461354104
0 0.18364928909952608 0.46135410425404433 0.07187993680884676 0.03235470341521869
0 0.17851500789889416 0.6243259436788496 0.08056872037914692 0.04553624925104853
0 0.17140600315955765 0.6647693229478729 0.06635071090047394 0.0341521869382864
0 0.17180094786729858 0.7022168963451169 0.07345971563981042 0.04313960455362493
0 0.1796998420221169 0.7420611144397843 0.07187993680884676 0.0341521869382864
0 0.1769352290679305 0.7798082684242061 0.05529225908372828 0.02456560814859197
0 0.1796998420221169 0.8073696824445776 0.052922590837282776 0.022168963451168366
0 0.18048973143759872 0.8400239664469743 0.0655608214849921 0.026363091671659677
