0 0.2835703001579779 0.13930497303774717 0.15165876777251186 0.08807669263031756
0 0.49881516587677727 0.14170161773517076 0.15876777251184834 0.08448172558418214
0 0.7057661927330173 0.1390053924505692 0.13191153238546605 0.1042540443379269
0 0.2713270142180095 0.26842420611144396 0.146129541864139 0.12462552426602756
0 0.4782780410742496 0.2669263031755542 0.20300157977883096 0.06411024565608149
0 0.6970774091627172 0.2678250449370881 0.21248025276461296 0.0659077291791492
0 0.28278041074249605 0.4068304373876573 0.16903633491311215 0.11264230077890953
0 0.4853870458135861 0.40353505092869985 0.13507109004739337 0.11443978430197724
0 0.6856240126382306 0.4050329538645896 0.22748815165876776 0.09107249850209706
0 0.1670616113744076 0.57309766327142 0.17140600315955765 0.07489514679448772
0 0.3740126382306477 0.5715997603355303 0.1334913112164297 0.06231276213301378
0 0.5825434439178515 0.560814859197124 0.13033175355450236 0.05032953864589575
0 0.7906793048973144 0.5632115038945477 0.13902053712480253 0.05751947273816657
0 0.5762243285939969 0.6626722588376274 0.1240126382306477 0.05991611743559017
0 0.8171406003159557 0.6545835829838227 0.17140600315955765 0.07369682444577591
