0 0.424565560821485 0.15398442180946675 0.11769352290679305 0.041941282204913125
0 0.42575039494470773 0.20730976632714201 0.12006319115323855 0.046734571599760334
0 0.42377567140600314 0.25284601557819053 0.08925750394944708 0.039544637507489516
0 0.42496050552922593 0.3028759736369083 0.16429699842022116 0.03654883163571001
0 0.42496050552922593 0.35320551228280406 0.11058451816745656 0.03774715398442181
0 0.4253554502369668 0.40832834032354703 0.0971563981042654 0.048532055122828044
0 0.42575039494470773 0.4529658478130617 0.0995260663507109 0.0347513481126423
0 0.4253554502369668 0.5041941282204914 0.10979462875197472 0.03055721989215099
0 0.424565560821485 0.554823247453565 0.11611374407582938 0.028759736369083286
0 0.4265402843601896 0.6087477531455961 0.15481832543443919 0.04433792690233673
0 0.424565560821485 0.6572798082684242 0.08451816745655608 0.04074295985620132
0 0.42575039494470773 0.7112043139604554 0.07582938388625593 0.04793289394847214
0 0.4253554502369668 0.7585380467345716 0.11611374407582938 0.04074295985620132
0 0.424565560821485 0.8118633912522468 0.09083728278041074 0.046734571599760334
0 0.42496050552922593 0.8588975434391851 0.10110584518167456 0.040143798681845415
0 0.4253554502369668 0.9137207908927502 0.05924170616113744 0.04793289394847214
