0 0.165086887835703 0.12492510485320552 0.10110584518167456 0.03774715398442181
0 0.36295418641390204 0.11773517076093469 0.17772511848341233 0.06530856800479329
0 0.3522906793048973 0.25404433792690234 0.15481832543443919 0.0659077291791492
0 0.1702211690363349 0.2546434991012582 0.11137440758293839 0.06470940683043738
0 0.14652448657187994 0.42420611144397846 0.07345971563981042 0.03115638106650689
0 0.2665876777251185 0.42001198322348715 0.11453396524486571 0.04074295985620132
0 0.3862559241706161 0.4292989814260036 0.1406003159557662 0.04733373277411624
0 0.283175355450237 0.4592570401437987 0.035545023696682464 0.016177351707609346
0 0.42851500789889413 0.4601557819053326 0.03712480252764613 0.014379868184541643
0 0.4320695102685624 0.4835230677052127 0.0315955766192733 0.022768124625524265
0 0.2871248025276461 0.48322348711803476 0.03238546603475513 0.023367285799880167
