0 0.7160347551342812 0.15458358298382266 0.13033175355450236 0.07429598562013182
0 0.5718799368088467 0.27531455961653684 0.030015797788309637 0.018573996405032954
0 0.5738546603475513 0.2962852007189934 0.02764612954186414 0.018573996405032954
0 0.5797788309636651 0.32264829239065307 0.044233807266982623 0.02696225284601558
0 0.5793838862559242 0.35050928699820255 0.038704581358609796 0.02037147992810066
0 0.5774091627172195 0.3738765727980827 0.03475513428120063 0.021569802276812464
0 0.5762243285939969 0.396644697423607 0.0339652448657188 0.019173157579388856
0 0.5774091627172195 0.4194128220491312 0.0315955766192733 0.02037147992810066
0 0.5774091627172195 0.4673457159976034 0.03475513428120063 0.021569802276812464
0 0.5762243285939969 0.4916117435590174 0.03238546603475513 0.022168963451168366
0 0.5762243285939969 0.5140802875973637 0.0339652448657188 0.019173157579388856
0 0.580173775671406 0.5446375074895147 0.04186413902053712 0.03115638106650689
0 0.5809636650868878 0.5778909526662672 0.038704581358609796 0.03055721989215099
0 0.5888625592417062 0.604254044337927 0.05924170616113744 0.018573996405032954
0 0.5892575039494471 0.627920910724985 0.061611374407582936 0.021569802276812464
0 0.590047393364929 0.6521869382863991 0.061611374407582936 0.020970641102456562
0 0.5888625592417062 0.6746554823247454 0.060821484992101105 0.019173157579388856
0 0.5912322274881516 0.6971240263630917 0.06240126382306477 0.020970641102456562
0 0.5912322274881516 0.7216896345116837 0.06240126382306477 0.019772318753744758
