0 0.283175355450237 0.469442780107849 0.25039494470774093 0.10365488316357101
0 0.49921011058451814 0.6174355901737567 0.13744075829383887 0.0701018573996405
0 0.396129541864139 0.9131216297183943 0.06872037914691943 0.039544637507489516
0 0.28870458135860977 0.908627920910725 0.05924170616113744 0.03055721989215099
0 0.29028436018957343 0.8708807669263032 0.05924170616113744 0.03654883163571001
0 0.2910742496050553 0.8379269023367286 0.06714060031595577 0.0341521869382864
0 0.3029225908372828 0.8007789095266626 0.09399684044233807 0.029358897543439184
0 0.3037124802527646 0.7681246255242661 0.09557661927330173 0.022768124625524265
0 0.2958135860979463 0.7396644697423607 0.08767772511848342 0.02696225284601558
0 0.3842812006319115 0.8043738765727981 0.04818325434439179 0.03175554224086279
