0 0.28949447077409163 0.12852007189934092 0.08135860979462875 0.07369682444577591
0 0.43799368088467616 0.1336129418813661 0.14454976303317535 0.07908927501497903
0 0.6560031595576619 0.14050329538645895 0.18562401263823064 0.10964649490713002
0 0.2571090047393365 0.3118633912522469 0.14770932069510267 0.07968843618933494
0 0.44747235387045814 0.3121629718394248 0.19352290679304898 0.09346914319952067
0 0.6986571879936809 0.3121629718394248 0.22985781990521326 0.09227082085080887
0 0.18838862559241706 0.46974236069502695 0.18404423380726698 0.09346914319952067
0 0.38191153238546605 0.46195326542840026 0.17140600315955765 0.09107249850209706
0 0.7243285939968405 0.4982025164769323 0.17061611374407581 0.12642300778909527
0 0.20102685624012637 0.603355302576393 0.19984202211690363 0.1737567405632115
0 0.3834913112164297 0.6000599161174356 0.16982622432859398 0.16596764529658478
