0 0.24881516587677724 0.14979029358897544 0.13428120063191154 0.04313960455362493
0 0.24960505529225907 0.19442780107849011 0.1358609794628752 0.04134212103055722
0 0.25 0.23696824445775913 0.1334913112164297 0.04373876572798083
0 0.25 0.28460155781905333 0.1334913112164297 0.05032953864589575
0 0.24960505529225907 0.3334331935290593 0.1311216429699842 0.04373876572798083
0 0.24960505529225907 0.38016776512881967 0.12006319115323855 0.04254044337926902
0 0.24881516587677724 0.42360695026962253 0.13428120063191154 0.041941282204913125
0 0.25 0.4733373277411624 0.1334913112164297 0.04913121629718394
0 0.24921011058451817 0.524565608148592 0.13507109004739337 0.04733373277411624
0 0.25039494470774093 0.572798082684242 0.13428120063191154 0.041941282204913125
0 0.24960505529225907 0.6183343319352906 0.11848341232227488 0.03714799281006591
0 0.24921011058451817 0.6629718394248053 0.174565560821485 0.03774715398442181
0 0.25039494470774093 0.701318154583583 0.14691943127962084 0.0329538645895746
0 0.5655608214849921 0.10545236668663871 0.0947867298578199 0.04074295985620132
0 0.69826224328594 0.10605152786099462 0.09004739336492891 0.03115638106650689
0 0.8499210110584519 0.10575194727381666 0.13428120063191154 0.028160575194727384
0 0.5572669826224329 0.1677651288196525 0.07345971563981042 0.033553025763930495
0 0.6998420221169036 0.1671659676452966 0.13428120063191154 0.02756141402037148
0 0.5667456556082149 0.2998801677651288 0.04186413902053712 0.028160575194727384
0 0.7105055292259084 0.2995805871779509 0.07661927330173776 0.0347513481126423
0 0.5458135860979463 0.4403834631515878 0.04739336492890995 0.026363091671659677
0 0.660347551342812 0.4409826243259437 0.07582938388625593 0.033553025763930495
