0 0.315955766192733 0.12762133013780708 0.17535545023696683 0.08747753145596165
0 0.5572669826224329 0.12852007189934092 0.18404423380726698 0.07249850209706411
0 0.31240126382306477 0.24835230677052128 0.21879936808846762 0.07369682444577591
0 0.5825434439178515 0.2504493708807669 0.13981042654028436 0.07789095266626722
0 0.7326224328593997 0.24775314559616538 0.12559241706161137 0.014979029358897543
0 0.13546603475513427 0.359796285200719 0.09873617693522907 0.025763930497303775
0 0.3593996840442338 0.35949670461354105 0.11690363349131122 0.025164769322947873
0 0.1406003159557662 0.42959856201318153 0.10900473933649289 0.017974835230677052
0 0.40718799368088465 0.4298981426003595 0.1287519747235387 0.016177351707609346
0 0.12164296998420221 0.49970041941282206 0.0679304897314376 0.011983223487118035
0 0.23143759873617692 0.49370880766926306 0.11690363349131122 0.009586578789694428
0 0.35742496050552924 0.5 0.09083728278041074 0.012582384661473937
0 0.15560821484992102 0.5470341521869383 0.10268562401263823 0.014379868184541643
0 0.31200631911532384 0.554823247453565 0.1311216429699842 0.017974835230677052
0 0.27290679304897314 0.6105452366686639 0.1287519747235387 0.016776512881965248
