0 0.4265402843601896 0.11923307369682445 0.13428120063191154 0.07070101857399641
0 0.5797788309636651 0.12522468544038345 0.11848341232227488 0.08627920910724986
0 0.6062401263823065 0.4838226482923907 0.10347551342812006 0.04733373277411624
0 0.7342022116903634 0.5506291192330737 0.08609794628751975 0.04913121629718394
0 0.6038704581358609 0.5530257639304973 0.10505529225908372 0.05032953864589575
0 0.5643759873617693 0.6500898741761534 0.09399684044233807 0.05751947273816657
0 0.7030015797788309 0.6515877771120432 0.07740916271721959 0.05811863391252247
0 0.8353080568720379 0.6434991012582385 0.10821484992101106 0.04074295985620132
0 0.5643759873617693 0.7483523067705213 0.09399684044233807 0.06710605152786099
0 0.7022116903633491 0.7507489514679448 0.07582938388625593 0.06710605152786099
0 0.8262243285939969 0.7360695026962253 0.12322274881516587 0.03774715398442181
