0 0.30015797788309634 0.08388256440982625 0.11058451816745656 0.04913121629718394
0 0.43759873617693523 0.08388256440982625 0.10742496050552923 0.04553624925104853
0 0.5588467614533965 0.0859796285200719 0.10821484992101106 0.04493708807669263
0 0.7006319115323855 0.0847813061713601 0.10742496050552923 0.04134212103055722
0 0.25157977883096366 0.23876572798082685 0.09557661927330173 0.06171360095865788
0 0.41153238546603477 0.24535650089874178 0.1484992101105845 0.05572198921509886
0 0.665086887835703 0.24236069502696225 0.2606635071090047 0.0713001797483523
0 0.2586887835703002 0.3487118034751348 0.10347551342812006 0.03834631515877771
0 0.40165876777251186 0.347813061713601 0.11137440758293839 0.03654883163571001
0 0.2843601895734597 0.4847213900539245 0.12322274881516587 0.07070101857399641
0 0.5229067930489731 0.4889155182744158 0.21800947867298578 0.07429598562013182
0 0.33886255924170616 0.6051527860994608 0.21800947867298578 0.07549430796884363
0 0.6141390205371248 0.6108448172558418 0.3325434439178515 0.08088675853804674
0 0.38507109004739337 0.6896345116836429 0.160347551342812 0.06111443978430198
0 0.6481042654028436 0.70760934691432 0.25829383886255924 0.06710605152786099
0 0.42851500789889413 0.7612342720191732 0.14454976303317535 0.05452366686638706
