0 0.31200631911532384 0.10784901138406232 0.07266982622432859 0.05512282804074296
0 0.4644549763033175 0.16237267825044938 0.07109004739336493 0.052726183343319355
0 0.6330963665086887 0.20281605751947274 0.12559241706161137 0.07968843618933494
0 0.6820695102685624 0.3322348711803475 0.15086887835703 0.06051527860994608
0 0.39652448657187994 0.3325344517675255 0.1484992101105845 0.06351108448172559
0 0.3526856240126382 0.2965847813061714 0.05766192733017377 0.015578190533253445
0 0.3688783570300158 0.25883762732174953 0.053712480252764615 0.019173157579388856
0 0.3147709320695103 0.2037147992810066 0.08135860979462875 0.052726183343319355
0 0.27883096366508686 0.5692031156381067 0.3902053712480253 0.10545236668663871
0 0.7266982622432859 0.5724985020970641 0.2859399684044234 0.10005991611743559
0 0.47274881516587675 0.7633313361294188 0.7559241706161137 0.22288795686039545
