0 0.2918641390205371 0.13331336129418814 0.25039494470774093 0.05092869982025165
0 0.25118483412322273 0.20940683043738767 0.022116903633491312 0.01737567405632115
0 0.25157977883096366 0.23487118034751348 0.03712480252764613 0.015578190533253445
0 0.25157977883096366 0.26033553025763934 0.029225908372827805 0.014979029358897543
0 0.2519747235387046 0.28819652486518876 0.0315955766192733 0.016776512881965248
0 0.25157977883096366 0.31366087477531457 0.029225908372827805 0.019772318753744758
0 0.2527646129541864 0.3385260635110845 0.045813586097946286 0.02396644697423607
0 0.2527646129541864 0.36428999400838824 0.044233807266982623 0.016776512881965248
0 0.25236966824644547 0.38915518274415817 0.04818325434439179 0.018573996405032954
0 0.29067930489731436 0.5200718993409227 0.23222748815165875 0.05392450569203116
