0 0.2883096366508689 0.10784901138406232 0.052132701421800945 0.05632115038945477
0 0.3977093206951027 0.10724985020970641 0.05608214849921011 0.04913121629718394
0 0.44154818325434436 0.14979029358897544 0.06951026856240126 0.05632115038945477
0 0.2717219589257504 0.22408627920910726 0.07898894154818326 0.06111443978430198
0 0.3420221169036335 0.2648292390653086 0.08214849921011058 0.06111443978430198
0 0.4364139020537125 0.22408627920910726 0.14928909952606634 0.05871779508687837
0 0.641390205371248 0.23037747153984423 0.13270142180094788 0.0665068903535051
0 0.41824644549763035 0.32983822648292394 0.11927330173775672 0.07369682444577591
0 0.6279620853080569 0.32893948472139006 0.11216429699842022 0.07789095266626722
0 0.4186413902053712 0.44427801078490115 0.1311216429699842 0.0713001797483523
0 0.6425750394944708 0.44427801078490115 0.14454976303317535 0.07369682444577591
