0 0.14770932069510267 0.1189334931096465 0.13428120063191154 0.0665068903535051
0 0.31911532385466035 0.11773517076093469 0.12954186413902052 0.06411024565608149
0 0.49447077409162715 0.1183343319352906 0.12164296998420221 0.059316956261234274
0 0.6749605055292259 0.11923307369682445 0.1240126382306477 0.06710605152786099
0 0.15007898894154817 0.2177950868783703 0.12322274881516587 0.06171360095865788
0 0.31911532385466035 0.2189934092270821 0.12006319115323855 0.06171360095865788
0 0.4932859399684044 0.2207908927501498 0.11453396524486571 0.06171360095865788
0 0.6725908372827804 0.21809466746554823 0.11453396524486571 0.05871779508687837
0 0.8625592417061612 0.2171959257040144 0.11690363349131122 0.06291192330736968
0 0.31714060031595576 0.33403235470341525 0.11927330173775672 0.0665068903535051
0 0.2093206951026856 0.45955662073097664 0.2211690363349131 0.05751947273816657
0 0.16390205371248026 0.5599161174355902 0.13665086887835703 0.07609346914319952
0 0.2871248025276461 0.5578190533253445 0.12085308056872038 0.07549430796884363
0 0.4060031595576619 0.5599161174355902 0.07109004739336493 0.0713001797483523
0 0.292259083728278 0.7399640503295387 0.12322274881516587 0.07669263031755542
