0 0.518957345971564 0.12642300778909527 0.1895734597156398 0.08028759736369083
0 0.33767772511848343 0.2390653085680048 0.06240126382306477 0.02396644697423607
0 0.443127962085308 0.3007789095266627 0.061611374407582936 0.02396644697423607
0 0.33649289099526064 0.32983822648292394 0.053712480252764615 0.023367285799880167
0 0.33767772511848343 0.36069502696225286 0.07345971563981042 0.02037147992810066
0 0.33965244865718797 0.3909526662672259 0.06003159557661927 0.03055721989215099
0 0.3372827804107425 0.4215098861593769 0.061611374407582936 0.02456560814859197
0 0.3380726698262243 0.45056920311563814 0.07266982622432859 0.026363091671659677
0 0.3380726698262243 0.48202516476932294 0.07424960505529225 0.03175554224086279
0 0.3372827804107425 0.5158777711204314 0.0947867298578199 0.03235470341521869
0 0.33846761453396523 0.5521270221689635 0.08609794628751975 0.03055721989215099
0 0.3392575039494471 0.585680047932894 0.06398104265402843 0.022168963451168366
0 0.3372827804107425 0.6138406231276213 0.06635071090047394 0.023367285799880167
