0 0.28791469194312796 0.09826243259436789 0.12717219589257503 0.06710605152786099
0 0.4707740916271722 0.10035949670461354 0.21011058451816744 0.07369682444577591
0 0.6808846761453397 0.09556620730976632 0.17851500789889416 0.0701018573996405
0 0.6943127962085308 0.2342720191731576 0.19273301737756715 0.1018573996405033
0 0.5059241706161137 0.2360695026962253 0.18404423380726698 0.06111443978430198
0 0.30450236966824645 0.23756740563211504 0.18562401263823064 0.06171360095865788
0 0.7251184834123222 0.3978430197723188 0.11216429699842022 0.08388256440982625
0 0.5643759873617693 0.3945476333133613 0.11453396524486571 0.05452366686638706
0 0.39178515007898895 0.3999400838825644 0.11690363349131122 0.05212702216896345
0 0.23933649289099526 0.39245056920311566 0.05055292259083728 0.041941282204913125
0 0.7152448657187993 0.518274415817855 0.11453396524486571 0.08508088675853805
0 0.5600315955766193 0.5188735769922109 0.11216429699842022 0.08388256440982625
0 0.3842812006319115 0.5176752546434991 0.10979462875197472 0.08867585380467347
0 0.5268562401263823 0.6587777112043139 0.1674565560821485 0.09766327142001198
