0 0.18799368088467613 0.1273217495506291 0.16429699842022116 0.0701018573996405
0 0.39652448657187994 0.1207309766327142 0.14533965244865718 0.07369682444577591
0 0.6046603475513428 0.12971839424805273 0.09399684044233807 0.0713001797483523
0 0.7855450236966824 0.1273217495506291 0.11453396524486571 0.06171360095865788
0 0.3712480252764613 0.26752546434991015 0.12006319115323855 0.06291192330736968
0 0.21800947867298578 0.2726183343319353 0.08530805687203791 0.05871779508687837
0 0.5817535545023697 0.25524266027561415 0.17614533965244866 0.09107249850209706
0 0.17298578199052134 0.43079688436189334 0.13744075829383887 0.05991611743559017
0 0.3439968404423381 0.43319352905931696 0.13665086887835703 0.05991611743559017
0 0.5679304897314376 0.4286998202516477 0.1721958925750395 0.056920311563810666
0 0.7930489731437599 0.4286998202516477 0.15955766192733017 0.06171360095865788
0 0.24170616113744076 0.5404433792690234 0.17535545023696683 0.05991611743559017
0 0.4312796208530806 0.5374475733972439 0.12796208530805686 0.06351108448172559
0 0.5920221169036335 0.5377471539844219 0.1018957345971564 0.0665068903535051
0 0.7883096366508688 0.5338526063511084 0.15323854660347552 0.09227082085080887
