0 0.37598736176935227 0.10844817255841822 0.09004739336492891 0.052726183343319355
0 0.18799368088467613 0.10455362492510485 0.08056872037914692 0.029358897543439184
0 0.18601895734597157 0.1665668064709407 0.08451816745655608 0.02756141402037148
0 0.3641390205371248 0.18693828639904134 0.11690363349131122 0.04913121629718394
0 0.20063191153238547 0.24206111443978431 0.21642969984202212 0.06710605152786099
0 0.36492890995260663 0.26303175554224084 0.13428120063191154 0.05632115038945477
0 0.37480252764612954 0.35829838226482924 0.13191153238546605 0.06231276213301378
0 0.19549763033175355 0.33942480527261837 0.22037914691943128 0.06171360095865788
0 0.27330173775671407 0.4550629119233074 0.325434439178515 0.07249850209706411
0 0.2764612954186414 0.5536249251048532 0.31437598736176936 0.0659077291791492
