0 0.11729857819905214 0.5260635110844817 0.06714060031595577 0.03235470341521869
0 0.20853080568720378 0.5248651887357699 0.053712480252764615 0.05632115038945477
0 0.344391785150079 0.5251647693229479 0.08056872037914692 0.053325344517675254
0 0.44036334913112163 0.5757938885560215 0.08135860979462875 0.052726183343319355
0 0.165086887835703 0.5739964050329539 0.08372827804107424 0.05512282804074296
0 0.16785150078988942 0.6548831635710006 0.08451816745655608 0.06111443978430198
0 0.4419431279620853 0.6572798082684242 0.08609794628751975 0.05991611743559017
0 0.16390205371248026 0.7363690832834032 0.08925750394944708 0.07189934092270821
0 0.43799368088467616 0.7360695026962253 0.08293838862559241 0.07369682444577591
0 0.2744865718799368 0.878070701018574 0.0924170616113744 0.05572198921509886
0 0.4194312796208531 0.8825644098262433 0.09636650868878358 0.04913121629718394
0 0.5596366508688784 0.8852606351108449 0.09873617693522907 0.05092869982025165
0 0.7109004739336493 0.889754343918514 0.12322274881516587 0.06470940683043738
