0 0.4928909952606635 0.0994607549430797 0.08056872037914692 0.0347513481126423
0 0.6184834123222749 0.1354104254044338 0.07582938388625593 0.0347513481126423
0 0.7855450236966824 0.24295985620131816 0.05766192733017377 0.029358897543439184
0 0.7148499210110585 0.24236069502696225 0.05529225908372828 0.03055721989215099
0 0.6421800947867299 0.24206111443978431 0.0679304897314376 0.02756141402037148
0 0.570695102685624 0.24266027561414022 0.05608214849921011 0.028759736369083286
0 0.4972353870458136 0.24236069502696225 0.05766192733017377 0.03055721989215099
0 0.42851500789889413 0.24236069502696225 0.05924170616113744 0.03055721989215099
0 0.3566350710900474 0.2414619532654284 0.04818325434439179 0.028759736369083286
0 0.2918641390205371 0.24176153385260635 0.06398104265402843 0.03055721989215099
0 0.7334123222748815 0.5035949670461354 0.11769352290679305 0.05452366686638706
0 0.5248815165876777 0.5035949670461354 0.16350710900473933 0.05452366686638706
0 0.2693522906793049 0.5083882564409826 0.13744075829383887 0.04733373277411624
0 0.3882306477093207 0.45895745955662076 0.09873617693522907 0.026363091671659677
