0 0.28080568720379145 0.09376872378669862 0.1334913112164297 0.06291192330736968
0 0.2018167456556082 0.20161773517076093 0.13665086887835703 0.06291192330736968
0 0.36216429699842023 0.2031156381066507 0.13665086887835703 0.06351108448172559
0 0.25039494470774093 0.347513481126423 0.1311216429699842 0.06351108448172559
0 0.16864139020537125 0.4604553624925105 0.12717219589257503 0.06171360095865788
0 0.32385466034755134 0.45865787896944277 0.12164296998420221 0.06411024565608149
0 0.1670616113744076 0.5638106650689035 0.1240126382306477 0.06111443978430198
0 0.32898894154818326 0.5629119233073697 0.13033175355450236 0.06171360095865788
0 0.19273301737756715 0.8412222887956861 0.08530805687203791 0.039544637507489516
0 0.3285939968404423 0.8367285799880168 0.09162717219589257 0.04733373277411624
0 0.47669826224328593 0.8352306770521271 0.11453396524486571 0.05751947273816657
0 0.6390205371248026 0.8370281605751948 0.11216429699842022 0.05512282804074296
