0 0.49921011058451814 0.13091671659676454 0.24170616113744076 0.07249850209706411
0 0.2665876777251185 0.3079688436189335 0.04976303317535545 0.028759736369083286
0 0.2665876777251185 0.3433193529059317 0.05134281200631911 0.028759736369083286
0 0.2650078988941548 0.3753744757339724 0.05134281200631911 0.02696225284601558
0 0.2665876777251185 0.4092270820850809 0.05134281200631911 0.028759736369083286
0 0.2669826224328594 0.4427801078490114 0.053712480252764615 0.022768124625524265
0 0.2638230647709321 0.4715398442180947 0.04897314375987362 0.019173157579388856
0 0.26579778830963663 0.5011983223487119 0.04660347551342812 0.019772318753744758
0 0.26579778830963663 0.5281605751947274 0.045023696682464455 0.020970641102456562
0 0.2673775671406003 0.554823247453565 0.04818325434439179 0.02037147992810066
