0 0.2033965244865719 0.11354104254044338 0.10347551342812006 0.046135410425404436
0 0.35742496050552924 0.11324146195326543 0.1066350710900474 0.046734571599760334
0 0.5126382306477093 0.11414020371479928 0.10584518167456555 0.04493708807669263
0 0.7302527646129542 0.11473936488915519 0.2377567140600316 0.05572198921509886
0 0.39849921011058453 0.21300179748352308 0.12717219589257503 0.06890353505092871
0 0.6169036334913112 0.21180347513481126 0.12480252764612954 0.0677052127022169
0 0.2622432859399684 0.2852007189934092 0.22432859399684044 0.07189934092270821
0 0.7286729857819905 0.280407429598562 0.2424960505529226 0.08867585380467347
0 0.1749605055292259 0.5113840623127621 0.08293838862559241 0.03055721989215099
0 0.28475513428120064 0.5116836428999401 0.11137440758293839 0.04793289394847214
0 0.4703791469194313 0.4538645895745956 0.17772511848341233 0.056920311563810666
0 0.7440758293838863 0.4517675254643499 0.2527646129541864 0.05991611743559017
0 0.7444707740916272 0.5718993409227082 0.25355450236966826 0.09047333732774117
0 0.45734597156398105 0.6393049730377471 0.25434439178515006 0.08508088675853805
