0 0.2863349131121643 0.12252846015578191 0.09083728278041074 0.08807669263031756
0 0.7223538704581358 0.14110245656081485 0.12717219589257503 0.11683642899940085
0 0.7215639810426541 0.6105452366686639 0.11453396524486571 0.12702216896345117
0 0.6236176935229067 0.41671659676452966 0.0655608214849921 0.03055721989215099
0 0.6951026856240127 0.4478729778310366 0.0631911532385466 0.016177351707609346
0 0.6204581358609794 0.4745356500898742 0.07345971563981042 0.017974835230677052
0 0.6240126382306477 0.38286399041342123 0.07582938388625593 0.02396644697423607
0 0.6200631911532385 0.35410425404433793 0.07740916271721959 0.022768124625524265
0 0.6224328593996841 0.3310365488316357 0.07266982622432859 0.018573996405032954
0 0.622827804107425 0.3073696824445776 0.07345971563981042 0.015578190533253445
0 0.6204581358609794 0.2843019772318754 0.05134281200631911 0.018573996405032954
0 0.6208530805687204 0.26003594967046134 0.03949447077409163 0.014379868184541643
0 0.7081358609794629 0.7522468544038347 0.05766192733017377 0.018573996405032954
0 0.7156398104265402 0.780407429598562 0.07266982622432859 0.01737567405632115
0 0.7105055292259084 0.8157579388855603 0.06240126382306477 0.02456560814859197
0 0.7128751974723538 0.853505092869982 0.06240126382306477 0.020970641102456562
