0 0.7365718799368088 0.11863391252246855 0.14454976303317535 0.06710605152786099
0 0.4940758293838862 0.11923307369682445 0.1524486571879937 0.05392450569203116
0 0.2796208530805687 0.1195326542840024 0.08372827804107424 0.06051527860994608
0 0.20537124802527645 0.121929298981426 0.03475513428120063 0.07849011384062313
0 0.27606635071090047 0.22887956860395448 0.0924170616113744 0.06111443978430198
0 0.434044233807267 0.2019173157579389 0.10347551342812006 0.04913121629718394
0 0.641390205371248 0.22678250449370882 0.2132701421800948 0.07609346914319952
0 0.6421800947867299 0.3579988016776513 0.18009478672985782 0.08088675853804674
0 0.40916271721958924 0.37267825044937086 0.09004739336492891 0.029958058717795086
0 0.320695102685624 0.4487717195925704 0.14691943127962084 0.05751947273816657
0 0.6674565560821485 0.44727381665668065 0.21642969984202212 0.07369682444577591
0 0.3305687203791469 0.6075494307968844 0.2093206951026856 0.07789095266626722
0 0.27606635071090047 0.5578190533253445 0.08451816745655608 0.041941282204913125
0 0.6769352290679305 0.603654883163571 0.20853080568720378 0.08088675853804674
