0 0.283175355450237 0.1330137807070102 0.16192733017377567 0.07429598562013182
0 0.23380726698262244 0.24056321150389456 0.08530805687203791 0.02456560814859197
0 0.21642969984202212 0.28370281605751946 0.053712480252764615 0.04733373277411624
0 0.21682464454976302 0.33882564409826244 0.052922590837282776 0.04733373277411624
0 0.2160347551342812 0.3945476333133613 0.052922590837282776 0.046135410425404436
0 0.22077409162717218 0.4418813660874775 0.06398104265402843 0.03055721989215099
0 0.22867298578199052 0.48082684242061113 0.07345971563981042 0.029358897543439184
0 0.24289099526066352 0.5170760934691432 0.10505529225908372 0.03115638106650689
0 0.23617693522906794 0.5560215698022768 0.08688783570300158 0.03235470341521869
0 0.22195892575039494 0.5979628520071899 0.06003159557661927 0.033553025763930495
