0 0.6184834123222749 0.13001797483523067 0.16903633491311215 0.08987417615338526
0 0.8001579778830964 0.13331336129418814 0.18799368088467613 0.09047333732774117
0 0.41232227488151657 0.13061713600958658 0.14218009478672985 0.08867585380467347
0 0.2673775671406003 0.13091671659676454 0.07503949447077408 0.07968843618933494
0 0.1263823064770932 0.1288196524865189 0.08056872037914692 0.08987417615338526
0 0.2721169036334913 0.24685440383463153 0.03238546603475513 0.05512282804074296
0 0.15600315955766192 0.2396644697423607 0.1429699842022117 0.07549430796884363
0 0.1287519747235387 0.43409227082085083 0.06951026856240126 0.08568004793289395
0 0.2792259083728278 0.4298981426003595 0.11927330173775672 0.09047333732774117
0 0.41706161137440756 0.4355901737567406 0.11216429699842022 0.08268424206111444
0 0.3550552922590837 0.5374475733972439 0.06872037914691943 0.07789095266626722
0 0.24605055292259084 0.5398442180946674 0.07345971563981042 0.08987417615338526
0 0.12677725118483413 0.5458358298382265 0.06714060031595577 0.04553624925104853
0 0.6524486571879937 0.2549430796884362 0.052132701421800945 0.04134212103055722
0 0.6536334913112164 0.30707010185739964 0.054502369668246446 0.03894547633313361
0 0.6706161137440758 0.3585979628520072 0.0679304897314376 0.03894547633313361
0 0.646129541864139 0.40772917914919116 0.03475513428120063 0.029358897543439184
0 0.6528436018957345 0.451168364289994 0.05134281200631911 0.04793289394847214
0 0.6611374407582938 0.5017974835230677 0.0679304897314376 0.035350509286998205
0 0.6504739336492891 0.5458358298382265 0.04660347551342812 0.03834631515877771
0 0.6524486571879937 0.5880766926303176 0.04897314375987362 0.03654883163571001
