0 0.19826224328593997 0.11623726782504494 0.11532385466034754 0.052726183343319355
0 0.3744075829383886 0.11294188136608747 0.1311216429699842 0.056920311563810666
0 0.3823064770932069 0.19712402636309168 0.14533965244865718 0.0659077291791492
0 0.5853080568720379 0.19922109047333733 0.15323854660347552 0.06291192330736968
0 0.7918641390205371 0.1983223487118035 0.13191153238546605 0.06470940683043738
0 0.23933649289099526 0.39904134212103054 0.08688783570300158 0.04913121629718394
0 0.38941548183254343 0.39934092270820853 0.09162717219589257 0.048532055122828044
0 0.5529225908372828 0.3987417615338526 0.11690363349131122 0.04973037747153985
0 0.7389415481832543 0.3957459556620731 0.1287519747235387 0.05572198921509886
0 0.11927330173775672 0.5710005991611744 0.06635071090047394 0.05032953864589575
0 0.2527646129541864 0.5704014379868184 0.08056872037914692 0.05152786099460755
0 0.41390205371248023 0.5689035350509287 0.12796208530805686 0.05572198921509886
