0 0.22630331753554503 0.11024565608148593 0.06714060031595577 0.04793289394847214
0 0.3665086887835703 0.10455362492510485 0.061611374407582936 0.03894547633313361
0 0.5438388625592417 0.11144397843019772 0.10505529225908372 0.05392450569203116
0 0.7721169036334913 0.11503894547633314 0.1018957345971564 0.05991611743559017
0 0.6520537124802528 0.12672258837627323 0.04660347551342812 0.04733373277411624
0 0.2958135860979463 0.2750149790293589 0.10505529225908372 0.08388256440982625
0 0.495260663507109 0.286399041342121 0.11374407582938388 0.07669263031755542
0 0.6970774091627172 0.27950868783702815 0.11927330173775672 0.09047333732774117
0 0.1524486571879937 0.42480527261833434 0.0947867298578199 0.05032953864589575
0 0.3704581358609795 0.42690233672858 0.0947867298578199 0.05572198921509886
0 0.7164296998420221 0.44667465548232477 0.13428120063191154 0.09526662672258839
