0 0.49881516587677727 0.11114439784301977 0.060821484992101105 0.06171360095865788
0 0.39454976303317535 0.2813061713600959 0.05134281200631911 0.03654883163571001
0 0.2871248025276461 0.28160575194727383 0.08293838862559241 0.046734571599760334
0 0.2910742496050553 0.32774116237267825 0.08609794628751975 0.04793289394847214
0 0.28554502369668244 0.3753744757339724 0.08135860979462875 0.04733373277411624
0 0.39454976303317535 0.3310365488316357 0.05766192733017377 0.048532055122828044
0 0.5031595576619273 0.44427801078490115 0.08214849921011058 0.09406830437387657
0 0.3949447077409163 0.3732774116237268 0.0315955766192733 0.03235470341521869
0 0.3957345971563981 0.4203115638106651 0.05055292259083728 0.03894547633313361
0 0.39691943127962087 0.46554823247453564 0.035545023696682464 0.035949670461354104
0 0.3953396524486572 0.5149790293588975 0.029225908372827805 0.040143798681845415
0 0.2871248025276461 0.5134811264230078 0.08135860979462875 0.046734571599760334
0 0.28870458135860977 0.5590173756740563 0.08609794628751975 0.046734571599760334
0 0.3921800947867298 0.5593169562612342 0.06872037914691943 0.04134212103055722
0 0.39454976303317535 0.6048532055122828 0.07187993680884676 0.03894547633313361
0 0.396129541864139 0.6530856800479329 0.054502369668246446 0.041941282204913125
0 0.28672985781990523 0.6054523666866387 0.08530805687203791 0.04733373277411624
0 0.2859399684044234 0.6521869382863991 0.08214849921011058 0.05092869982025165
