0 0.35545023696682465 0.09017375674056322 0.18641390205371247 0.05811863391252247
0 0.3542654028436019 0.15578190533253444 0.1872037914691943 0.06231276213301378
0 0.3428120063191153 0.2207908927501498 0.2116903633491311 0.0665068903535051
0 0.2938388625592417 0.2968843618933493 0.036334913112164295 0.05811863391252247
0 0.4146919431279621 0.29598562013181545 0.05055292259083728 0.05512282804074296
0 0.5924170616113744 0.11204313960455363 0.08214849921011058 0.028759736369083286
0 0.815955766192733 0.10635110844817255 0.1311216429699842 0.04134212103055722
0 0.6153238546603476 0.2177950868783703 0.1263823064770932 0.040143798681845415
0 0.8120063191153238 0.21959257040143798 0.1263823064770932 0.0341521869382864
0 0.740916271721959 0.4847213900539245 0.13270142180094788 0.035949670461354104
