0 0.1457345971563981 0.12612342720191733 0.0924170616113744 0.08208508088675855
0 0.4000789889415482 0.12612342720191733 0.1334913112164297 0.08088675853804674
0 0.5797788309636651 0.1836428999400839 0.12480252764612954 0.05811863391252247
0 0.8530805687203792 0.121929298981426 0.12322274881516587 0.07249850209706411
0 0.8546603475513428 0.22648292390653085 0.12480252764612954 0.0994607549430797
0 0.1504739336492891 0.26542840023966446 0.11137440758293839 0.07070101857399641
0 0.38191153238546605 0.26303175554224084 0.11295418641390205 0.07070101857399641
0 0.1409952606635071 0.39724385859796285 0.11137440758293839 0.06470940683043738
0 0.4186413902053712 0.35710005991611743 0.11374407582938388 0.06710605152786099
0 0.42180094786729855 0.44307968843618933 0.12322274881516587 0.04493708807669263
