0 0.2231437598736177 0.12492510485320552 0.07187993680884676 0.0665068903535051
0 0.3787519747235387 0.12342720191731577 0.0971563981042654 0.0659077291791492
0 0.5493680884676145 0.12462552426602756 0.13033175355450236 0.07189934092270821
0 0.7251184834123222 0.1207309766327142 0.12796208530805686 0.07249850209706411
0 0.22235387045813584 0.24775314559616538 0.10347551342812006 0.06530856800479329
0 0.3909952606635071 0.25314559616536847 0.14533965244865718 0.07968843618933494
0 0.5485781990521327 0.21300179748352308 0.10505529225908372 0.0677052127022169
0 0.75 0.2390653085680048 0.15876777251184834 0.08028759736369083
0 0.6267772511848341 0.316956261234272 0.146129541864139 0.07908927501497903
0 0.2843601895734597 0.49550629119233075 0.1406003159557662 0.07789095266626722
0 0.17101105845181674 0.6210305572198922 0.060821484992101105 0.03894547633313361
0 0.17101105845181674 0.6587777112043139 0.06398104265402843 0.025763930497303775
0 0.16153238546603474 0.6884361893349311 0.04344391785150079 0.02396644697423607
0 0.16113744075829384 0.7210904733373278 0.042654028436018954 0.02456560814859197
0 0.15876777251184834 0.7546434991012583 0.03949447077409163 0.023367285799880167
0 0.17614533965244866 0.7875973636908329 0.07740916271721959 0.02456560814859197
0 0.17298578199052134 0.8202516476932294 0.0679304897314376 0.029958058717795086
0 0.17417061611374407 0.8547034152186939 0.0703001579778831 0.03055721989215099
0 0.17377567140600317 0.8867585380467345 0.06951026856240126 0.029958058717795086
