0 0.2772511848341232 0.15458358298382266 0.0631911532385466 0.02396644697423607
0 0.4107424960505529 0.10994607549430797 0.09320695102685624 0.053325344517675254
0 0.6532385466034755 0.10365488316357101 0.15007898894154817 0.05632115038945477
0 0.6457345971563981 0.18154583582983824 0.13507109004739337 0.035949670461354104
0 0.16350710900473933 0.292690233672858 0.09162717219589257 0.01737567405632115
0 0.3558451816745656 0.29179149191132414 0.09557661927330173 0.015578190533253445
0 0.5505529225908373 0.3250449370880767 0.0679304897314376 0.014979029358897543
0 0.8617693522906793 0.3091671659676453 0.11058451816745656 0.05392450569203116
0 0.35031595576619273 0.38496105452366686 0.14139020537124802 0.03774715398442181
0 0.5643759873617693 0.4275014979029359 0.09399684044233807 0.01737567405632115
0 0.8428120063191153 0.4152186938286399 0.14691943127962084 0.05152786099460755
0 0.38072669826224326 0.6060515278609946 0.20537124802527645 0.08568004793289395
0 0.3428120063191153 0.7097064110245657 0.26540284360189575 0.08208508088675855
0 0.33886255924170616 0.8022768124625524 0.24960505529225907 0.08268424206111444
