0 0.25355450236966826 0.12492510485320552 0.04739336492890995 0.04493708807669263
0 0.35071090047393366 0.12432594367884961 0.06951026856240126 0.04373876572798083
0 0.4616903633491311 0.12911923307369683 0.07819905213270142 0.07729179149191133
0 0.5627962085308057 0.12402636309167166 0.07819905213270142 0.07789095266626722
0 0.6947077409162717 0.12852007189934092 0.146129541864139 0.040143798681845415
0 0.25908372827804105 0.19502696225284602 0.042654028436018954 0.028160575194727384
0 0.35031595576619273 0.19622528460155783 0.0703001579778831 0.028160575194727384
0 0.424565560821485 0.1989215098861594 0.06240126382306477 0.028759736369083286
0 0.2713270142180095 0.23397243858597963 0.06714060031595577 0.029358897543439184
0 0.33649289099526064 0.22768124625524266 0.042654028436018954 0.019173157579388856
0 0.424565560821485 0.23187537447573398 0.06240126382306477 0.028759736369083286
0 0.259478672985782 0.26542840023966446 0.045023696682464455 0.03115638106650689
0 0.33688783570300157 0.2696225284601558 0.045023696682464455 0.022768124625524265
0 0.42496050552922593 0.2708208508088676 0.0631911532385466 0.039544637507489516
0 0.25829383886255924 0.31126423007789095 0.042654028436018954 0.025763930497303775
0 0.35150078988941547 0.30707010185739964 0.07109004739336493 0.02696225284601558
0 0.4186413902053712 0.30647094068304376 0.05055292259083728 0.016177351707609346
0 0.2859399684044234 0.4616536848412223 0.11848341232227488 0.10724985020970641
0 0.43759873617693523 0.42959856201318153 0.1769352290679305 0.05751947273816657
0 0.44036334913112163 0.49131216297183944 0.16350710900473933 0.0659077291791492
0 0.6607424960505529 0.4457759137207909 0.18562401263823064 0.05512282804074296
0 0.6658767772511848 0.5161773517076094 0.2116903633491311 0.056920311563810666
0 0.0995260663507109 0.6647693229478729 0.0315955766192733 0.05572198921509886
0 0.165086887835703 0.6659676452965848 0.02843601895734597 0.05452366686638706
0 0.2476303317535545 0.6701617735170761 0.0703001579778831 0.07729179149191133
0 0.33649289099526064 0.6698621929298981 0.0679304897314376 0.07908927501497903
0 0.43285939968404424 0.6665668064709407 0.10110584518167456 0.09406830437387657
