0 0.18601895734597157 0.09976033553025764 0.2014218009478673 0.0713001797483523
0 0.12480252764612954 0.13121629718394248 0.07266982622432859 0.02396644697423607
0 0.2606635071090047 0.28819652486518876 0.20853080568720378 0.06710605152786099
0 0.1915481832543444 0.3568004793289395 0.20774091627172195 0.06890353505092871
0 0.3791469194312796 0.3633912522468544 0.20853080568720378 0.06530856800479329
0 0.18759873617693523 0.4325943678849611 0.20300157977883096 0.07309766327142002
0 0.3767772511848341 0.4343918514080288 0.20063191153238547 0.07309766327142002
0 0.1725908372827804 0.48502097064110244 0.06714060031595577 0.023367285799880167
0 0.3285939968404423 0.48442180946674657 0.045813586097946286 0.020970641102456562
0 0.4443127962085308 0.48532055122828044 0.06714060031595577 0.021569802276812464
