0 0.3439968404423381 0.16237267825044938 0.08135860979462875 0.03235470341521869
0 0.3451816745655608 0.20401437986818455 0.0995260663507109 0.0341521869382864
0 0.3447867298578199 0.2432594367884961 0.11453396524486571 0.025164769322947873
0 0.344391785150079 0.28400239664469745 0.10110584518167456 0.04074295985620132
0 0.3447867298578199 0.3343319352905932 0.1018957345971564 0.04313960455362493
0 0.34360189573459715 0.3846614739364889 0.11374407582938388 0.04313960455362493
0 0.3439968404423381 0.42780107849011384 0.10031595576619273 0.028759736369083286
0 0.3447867298578199 0.4712402636309167 0.1018957345971564 0.04134212103055722
0 0.3447867298578199 0.5170760934691432 0.09083728278041074 0.033553025763930495
0 0.3447867298578199 0.5632115038945477 0.1018957345971564 0.041941282204913125
0 0.3447867298578199 0.6084481725584182 0.09399684044233807 0.0329538645895746
0 0.3439968404423381 0.6530856800479329 0.09399684044233807 0.039544637507489516
0 0.3447867298578199 0.6968244457759137 0.10031595576619273 0.03235470341521869
0 0.34360189573459715 0.7510485320551229 0.09004739336492891 0.059316956261234274
