0 0.20102685624012637 0.11054523666866388 0.0924170616113744 0.04973037747153985
0 0.2958135860979463 0.11204313960455363 0.060821484992101105 0.029958058717795086
0 0.45260663507109006 0.10964649490713002 0.14533965244865718 0.04913121629718394
0 0.6488941548183255 0.11354104254044338 0.146129541864139 0.0341521869382864
0 0.21406003159557663 0.20071899340922708 0.1406003159557662 0.029958058717795086
0 0.4178515007898894 0.20041941282204914 0.15955766192733017 0.04373876572798083
0 0.6721958925750395 0.1866387058118634 0.2306477093206951 0.06530856800479329
0 0.655608214849921 0.27171959257040146 0.2037914691943128 0.04493708807669263
0 0.2377567140600316 0.3373277411623727 0.20063191153238547 0.06710605152786099
0 0.509083728278041 0.3334331935290593 0.2377567140600316 0.07249850209706411
0 0.7456556082148499 0.3373277411623727 0.2353870458135861 0.07070101857399641
0 0.25552922590837285 0.48711803475134813 0.07187993680884676 0.035949670461354104
0 0.3949447077409163 0.4889155182744158 0.14218009478672985 0.05871779508687837
0 0.6307266982622433 0.48442180946674657 0.20616113744075829 0.05811863391252247
0 0.30450236966824645 0.5745955662073098 0.17772511848341233 0.04433792690233673
0 0.618088467614534 0.5775913720790893 0.2330173775671406 0.06710605152786099
0 0.33649289099526064 0.6815458358298382 0.22906793048973143 0.06890353505092871
