0 0.49921011058451814 0.1324146195326543 0.09162717219589257 0.08388256440982625
0 0.5007898894154819 0.4799281006590773 0.10268562401263823 0.06470940683043738
0 0.2476303317535545 0.5775913720790893 0.04818325434439179 0.010784901138406232
0 0.24921011058451817 0.6006590772917915 0.045023696682464455 0.016177351707609346
0 0.24723538704581358 0.6258238466147393 0.04897314375987362 0.01737567405632115
0 0.2476303317535545 0.6497902935889754 0.05134281200631911 0.018573996405032954
0 0.24842022116903634 0.6764529658478131 0.04660347551342812 0.017974835230677052
0 0.24723538704581358 0.6968244457759137 0.04739336492890995 0.016776512881965248
0 0.24723538704581358 0.7183942480527262 0.052132701421800945 0.016776512881965248
0 0.24842022116903634 0.7456560814859198 0.054502369668246446 0.018573996405032954
0 0.2476303317535545 0.7717195925704015 0.052922590837282776 0.016776512881965248
0 0.2480252764612954 0.7965847813061714 0.05529225908372828 0.01737567405632115
0 0.24723538704581358 0.8202516476932294 0.05529225908372828 0.016776512881965248
0 0.24723538704581358 0.8412222887956861 0.044233807266982623 0.017974835230677052
0 0.24842022116903634 0.8639904134212103 0.03712480252764613 0.016776512881965248
0 0.2586887835703002 0.3738765727980827 0.0339652448657188 0.016776512881965248
0 0.2586887835703002 0.35050928699820255 0.0339652448657188 0.015578190533253445
0 0.2575039494470774 0.32654284002396644 0.037914691943127965 0.015578190533253445
0 0.25829383886255924 0.3016776512881965 0.030015797788309637 0.019772318753744758
0 0.2586887835703002 0.27890952666267227 0.03238546603475513 0.018573996405032954
0 0.2586887835703002 0.2591372079089275 0.026066350710900472 0.01378070701018574
0 0.25908372827804105 0.23696824445775913 0.023696682464454975 0.020970641102456562
