0 0.2823854660347551 0.48502097064110244 0.29462875197472355 0.06171360095865788
0 0.3321484992101106 0.6228280407429598 0.20774091627172195 0.06530856800479329
0 0.6615323854660348 0.6207309766327143 0.21721958925750395 0.05991611743559017
0 0.4146919431279621 0.7064110245656081 0.15165876777251186 0.04913121629718394
0 0.6563981042654028 0.713600958657879 0.1721958925750395 0.06231276213301378
0 0.4178515007898894 0.7711204313960456 0.15481832543443919 0.04074295985620132
0 0.6662717219589257 0.7663271420011983 0.15402843601895735 0.026363091671659677
0 0.40165876777251186 0.8157579388855603 0.11137440758293839 0.0341521869382864
0 0.6354660347551343 0.81725584182145 0.09083728278041074 0.03235470341521869
0 0.27804107424960506 0.8693828639904134 0.08056872037914692 0.052726183343319355
0 0.4391785150078989 0.8693828639904134 0.09794628751974724 0.05152786099460755
0 0.6860189573459715 0.8729778310365488 0.13981042654028436 0.05871779508687837
