0 0.22709320695102686 0.10215698022768124 0.14928909952606634 0.07729179149191133
0 0.4048183254344392 0.09886159376872379 0.15718799368088468 0.0695026962252846
0 0.5955766192733017 0.09646494907130018 0.14375987361769352 0.0683043738765728
0 0.7665876777251185 0.11234272019173158 0.14928909952606634 0.09766327142001198
0 0.22867298578199052 0.20011983223487118 0.15086887835703 0.06351108448172559
0 0.4036334913112164 0.19652486518873577 0.15323854660347552 0.07789095266626722
0 0.5928120063191153 0.20041941282204914 0.15718799368088468 0.07489514679448772
0 0.7681674565560821 0.20011983223487118 0.1524486571879937 0.06231276213301378
0 0.22630331753554503 0.2983822648292391 0.15402843601895735 0.0695026962252846
0 0.39060031595576616 0.2998801677651288 0.14139020537124802 0.08568004793289395
0 0.5947867298578199 0.28879568603954464 0.15639810426540285 0.0659077291791492
0 0.7638230647709321 0.29059316956261233 0.1579778830963665 0.07189934092270821
0 0.2282780410742496 0.40443379269023366 0.15481832543443919 0.0695026962252846
0 0.4032385466034755 0.4041342121030557 0.15402843601895735 0.06890353505092871
0 0.6311216429699842 0.39904134212103054 0.18799368088467613 0.09586578789694428
