0 0.5 0.11683642899940085 0.10268562401263823 0.06351108448172559
0 0.2330173775671406 0.22708208508088676 0.04107424960505529 0.013181545835829839
0 0.23262243285939968 0.25104853205512284 0.04818325434439179 0.016776512881965248
0 0.2330173775671406 0.2738166566806471 0.03949447077409163 0.014379868184541643
0 0.23380726698262244 0.2983822648292391 0.036334913112164295 0.015578190533253445
0 0.23420221169036334 0.32474535650089875 0.038704581358609796 0.016776512881965248
0 0.23262243285939968 0.34721390053924506 0.0339652448657188 0.016177351707609346
0 0.2330173775671406 0.3681845416417016 0.04739336492890995 0.01737567405632115
0 0.23380726698262244 0.39634511683642903 0.045813586097946286 0.022168963451168366
0 0.23183254344391785 0.42480527261833434 0.045023696682464455 0.021569802276812464
0 0.23262243285939968 0.45835829838226483 0.04344391785150079 0.02756141402037148
0 0.2334123222748815 0.48112642300778913 0.02448657187993681 0.008388256440982624
0 0.2330173775671406 0.5 0.03317535545023697 0.01018573996405033
0 0.23459715639810427 0.5191731575793889 0.04107424960505529 0.011384062312762133
0 0.2334123222748815 0.5404433792690234 0.04186413902053712 0.013181545835829839
0 0.2330173775671406 0.561114439784302 0.0315955766192733 0.01018573996405033
0 0.23420221169036334 0.5835829838226483 0.04028436018957346 0.013181545835829839
0 0.23499210110584517 0.603355302576393 0.04818325434439179 0.011983223487118035
0 0.23420221169036334 0.6267225883762733 0.05608214849921011 0.013181545835829839
0 0.23380726698262244 0.6461953265428401 0.03317535545023697 0.008987417615338526
0 0.23499210110584517 0.6647693229478729 0.04186413902053712 0.012582384661473937
0 0.23420221169036334 0.6824445775913721 0.04818325434439179 0.011983223487118035
0 0.23459715639810427 0.7055122828040743 0.03949447077409163 0.016177351707609346
0 0.23420221169036334 0.7273816656680647 0.04028436018957346 0.015578190533253445
0 0.23420221169036334 0.749850209706411 0.04028436018957346 0.016177351707609346
0 0.23420221169036334 0.7711204313960456 0.04976303317535545 0.014379868184541643
