0 0.16864139020537125 0.10095865787896945 0.1018957345971564 0.07609346914319952
0 0.3688783570300158 0.11923307369682445 0.1769352290679305 0.1006590772917915
0 0.5525276461295419 0.11024565608148593 0.0703001579778831 0.028759736369083286
0 0.6232227488151658 0.10904733373277412 0.026856240126382307 0.02037147992810066
0 0.7322274881516587 0.10844817255841822 0.08056872037914692 0.04433792690233673
0 0.8732227488151658 0.11983223487118035 0.08767772511848342 0.0683043738765728
0 0.16824644549763032 0.2213900539245057 0.12164296998420221 0.07489514679448772
0 0.36532385466034756 0.24535650089874178 0.11611374407582938 0.05452366686638706
0 0.1966824644549763 0.38526063511084485 0.10584518167456555 0.0659077291791492
0 0.3546603475513428 0.37477531455961655 0.13428120063191154 0.05092869982025165
0 0.5987361769352291 0.29808268424206114 0.09320695102685624 0.03774715398442181
0 0.7519747235387045 0.29928100659077295 0.10742496050552923 0.04493708807669263
0 0.6327014218009479 0.37297783103654886 0.10426540284360189 0.04134212103055722
0 0.7894944707740916 0.3951467944877172 0.10031595576619273 0.08687837028160575
