0 0.27093206951026855 0.09466746554823248 0.15323854660347552 0.04913121629718394
0 0.481042654028436 0.10155781905332535 0.14375987361769352 0.07849011384062313
0 0.6966824644549763 0.09197124026363092 0.1721958925750395 0.059316956261234274
0 0.27330173775671407 0.2171959257040144 0.19747235387045814 0.08687837028160575
0 0.48183254344391785 0.21809466746554823 0.1484992101105845 0.0683043738765728
0 0.6974723538704581 0.2091072498502097 0.21642969984202212 0.08388256440982625
0 0.2725118483412322 0.3037747153984422 0.1579778830963665 0.06351108448172559
0 0.4814375987361769 0.30707010185739964 0.18404423380726698 0.08687837028160575
0 0.6978672985781991 0.2914919113241462 0.11927330173775672 0.05092869982025165
0 0.25 0.3897543439185141 0.15402843601895735 0.0713001797483523
0 0.40916271721958924 0.3936488915518275 0.15323854660347552 0.07309766327142002
0 0.5809636650868878 0.3921509886159377 0.1429699842022117 0.08328340323547034
0 0.7523696682464455 0.38526063511084485 0.14770932069510267 0.07669263031755542
0 0.26421800947867297 0.49041342121030557 0.18088467614533965 0.07609346914319952
0 0.4972353870458136 0.4952067106051528 0.1966824644549763 0.0701018573996405
0 0.7152448657187993 0.49251048532055125 0.15560821484992102 0.08388256440982625
