0 0.20853080568720378 0.19862192929898143 0.1627172195892575 0.053325344517675254
0 0.37598736176935227 0.18933493109646496 0.10426540284360189 0.0347513481126423
0 0.5233017377567141 0.1908328340323547 0.07977883096366509 0.046135410425404436
0 0.5489731437598736 0.11294188136608747 0.1579778830963665 0.05212702216896345
0 0.7634281200631912 0.1201318154583583 0.2156398104265403 0.06890353505092871
0 0.6591627172195893 0.21210305572198923 0.07661927330173776 0.08148591971240264
0 0.7977883096366508 0.21180347513481126 0.13428120063191154 0.08088675853804674
0 0.21721958925750395 0.298681845416417 0.1484992101105845 0.053325344517675254
0 0.4451026856240126 0.3058717795086878 0.1872037914691943 0.06051527860994608
0 0.22630331753554503 0.3927501497902936 0.1872037914691943 0.06171360095865788
0 0.254739336492891 0.5341521869382864 0.14454976303317535 0.06051527860994608
0 0.2823854660347551 0.6240263630916717 0.20616113744075829 0.06051527860994608
