0 0.3712480252764613 0.1366087477531456 0.11532385466034754 0.028759736369083286
0 0.3590047393364929 0.170760934691432 0.08293838862559241 0.041941282204913125
0 0.3637440758293839 0.21210305572198923 0.07977883096366509 0.025164769322947873
0 0.36295418641390204 0.24295985620131816 0.09083728278041074 0.02456560814859197
0 0.36097946287519744 0.2852007189934092 0.08846761453396525 0.02396644697423607
0 0.38467614533965244 0.3268424206111444 0.20221169036334913 0.03055721989215099
0 0.3692733017377567 0.3702816057519473 0.09557661927330173 0.05152786099460755
0 0.3526856240126382 0.4284002396644698 0.1240126382306477 0.03834631515877771
0 0.36018957345971564 0.4769322947872978 0.10900473933649289 0.05152786099460755
0 0.3669036334913112 0.5179748352306771 0.06240126382306477 0.0341521869382864
0 0.3669036334913112 0.5587177950868784 0.1066350710900474 0.04134212103055722
0 0.36532385466034756 0.6054523666866387 0.11137440758293839 0.03175554224086279
0 0.3597946287519747 0.6411024565608149 0.07187993680884676 0.035949670461354104
0 0.35742496050552924 0.6824445775913721 0.07977883096366509 0.028759736369083286
0 0.3518957345971564 0.7147992810065907 0.09083728278041074 0.0347513481126423
0 0.3665086887835703 0.7528460155781905 0.06003159557661927 0.04733373277411624
0 0.35545023696682465 0.798981426003595 0.13744075829383887 0.03774715398442181
0 0.35308056872037913 0.835530257639305 0.10900473933649289 0.02696225284601558
0 0.3558451816745656 0.87866986219293 0.10347551342812006 0.046135410425404436
