0 0.2792259083728278 0.12492510485320552 0.07819905213270142 0.03894547633313361
0 0.39928909952606634 0.11773517076093469 0.08293838862559241 0.02456560814859197
0 0.6042654028436019 0.12492510485320552 0.08846761453396525 0.07369682444577591
0 0.3037124802527646 0.2243858597962852 0.09083728278041074 0.05212702216896345
0 0.509083728278041 0.23187537447573398 0.09083728278041074 0.039544637507489516
0 0.7132701421800948 0.22528460155781907 0.09162717219589257 0.052726183343319355
0 0.19391785150078988 0.445176752546435 0.06714060031595577 0.04074295985620132
0 0.19312796208530805 0.4823247453565009 0.0655608214849921 0.02037147992810066
0 0.1919431279620853 0.518573996405033 0.061611374407582936 0.040143798681845415
0 0.1895734597156398 0.555122828040743 0.05845181674565561 0.020970641102456562
0 0.19352290679304898 0.585680047932894 0.06477093206951026 0.023367285799880167
0 0.19510268562401265 0.6225284601557819 0.0679304897314376 0.021569802276812464
0 0.1868088467614534 0.6626722588376274 0.05134281200631911 0.033553025763930495
0 0.18404423380726698 0.7034152186938286 0.044233807266982623 0.02396644697423607
0 0.1844391785150079 0.7330736968244458 0.04660347551342812 0.022168963451168366
0 0.19549763033175355 0.762732174955063 0.06714060031595577 0.02037147992810066
0 0.1919431279620853 0.8001797483523068 0.061611374407582936 0.04254044337926902
