0 0.26895734597156395 0.304973037747154 0.21090047393364927 0.07189934092270821
0 0.2136650868878357 0.37657279808268423 0.20300157977883096 0.06291192330736968
0 0.3838862559241706 0.37717195925704017 0.11374407582938388 0.06411024565608149
0 0.19865718799368087 0.6995206710605153 0.08451816745655608 0.06051527860994608
0 0.35150078988941547 0.6989215098861594 0.06635071090047394 0.06171360095865788
0 0.5051342812006319 0.6995206710605153 0.1066350710900474 0.06051527860994608
0 0.7215639810426541 0.7061114439784302 0.146129541864139 0.03894547633313361
0 0.21761453396524486 0.8205512282804075 0.1240126382306477 0.03774715398442181
0 0.37993680884676145 0.8202516476932294 0.10268562401263823 0.06111443978430198
0 0.5098736176935229 0.8199520671060515 0.06714060031595577 0.06051527860994608
0 0.70260663507109 0.7855002995805872 0.10821484992101106 0.06231276213301378
0 0.7460505529225908 0.8514080287597364 0.19352290679304898 0.06111443978430198
