0 0.34083728278041076 0.08627920910724986 0.11453396524486571 0.046734571599760334
0 0.6477093206951027 0.09406830437387657 0.2037914691943128 0.06231276213301378
0 0.2950236966824645 0.323247453565009 0.09399684044233807 0.04254044337926902
0 0.4842022116903633 0.3241461953265429 0.08530805687203791 0.03235470341521869
0 0.6512638230647709 0.1794487717195926 0.16350710900473933 0.06171360095865788
0 0.6903633491311216 0.32264829239065307 0.12164296998420221 0.03654883163571001
0 0.6749605055292259 0.4062312762133014 0.07977883096366509 0.04793289394847214
0 0.27014218009478674 0.5350509286998203 0.11532385466034754 0.046734571599760334
0 0.47906793048973145 0.5347513481126424 0.1334913112164297 0.046135410425404436
0 0.6852290679304898 0.5332534451767525 0.11769352290679305 0.046734571599760334
