0 0.2989731437598736 0.09137207908927501 0.1524486571879937 0.05452366686638706
0 0.49644549763033174 0.09436788496105453 0.160347551342812 0.06171360095865788
0 0.6923380726698262 0.09826243259436789 0.15402843601895735 0.0683043738765728
0 0.3084518167456556 0.20161773517076093 0.17140600315955765 0.07489514679448772
0 0.4960505529225908 0.2097064110245656 0.13428120063191154 0.07070101857399641
0 0.6990521327014217 0.19922109047333733 0.15639810426540285 0.07729179149191133
0 0.3104265402843602 0.30766926303175557 0.15481832543443919 0.06890353505092871
0 0.4968404423380727 0.3073696824445776 0.14533965244865718 0.07549430796884363
0 0.684044233807267 0.3199520671060515 0.14375987361769352 0.07669263031755542
0 0.18088467614533965 0.4733373277411624 0.1721958925750395 0.08508088675853805
0 0.37598736176935227 0.46974236069502695 0.18641390205371247 0.1030557219892151
0 0.1749605055292259 0.6186339125224686 0.13507109004739337 0.1024565608148592
0 0.37006319115323855 0.6195326542840024 0.2014218009478673 0.07189934092270821
