0 0.320695102685624 0.11024565608148593 0.1484992101105845 0.04433792690233673
0 0.4743285939968404 0.10665068903535051 0.06398104265402843 0.033553025763930495
0 0.6591627172195893 0.10724985020970641 0.1872037914691943 0.04433792690233673
0 0.10900473933649289 0.24565608148591972 0.04897314375987362 0.04074295985620132
0 0.1868088467614534 0.24685440383463153 0.04976303317535545 0.041941282204913125
0 0.27883096366508686 0.24775314559616538 0.07266982622432859 0.06051527860994608
0 0.36018957345971564 0.24805272618334331 0.07582938388625593 0.06111443978430198
0 0.44549763033175355 0.2384661473936489 0.07424960505529225 0.07549430796884363
0 0.10347551342812006 0.29808268424206114 0.037914691943127965 0.02456560814859197
0 0.1773301737756714 0.29928100659077295 0.05924170616113744 0.023367285799880167
0 0.6149289099526066 0.21689634511683645 0.13665086887835703 0.03714799281006591
0 0.7985781990521327 0.2201917315757939 0.17535545023696683 0.03774715398442181
0 0.740521327014218 0.31006590772917914 0.02448657187993681 0.014979029358897543
0 0.7401263823064771 0.3304373876572798 0.037914691943127965 0.016177351707609346
0 0.7397314375987362 0.3508088675853805 0.0339652448657188 0.014979029358897543
0 0.740521327014218 0.3702816057519473 0.02448657187993681 0.014379868184541643
0 0.7397314375987362 0.3909526662672259 0.03712480252764613 0.014979029358897543
0 0.7401263823064771 0.4110245656081486 0.03317535545023697 0.015578190533253445
0 0.740521327014218 0.43109646494907133 0.035545023696682464 0.016177351707609346
0 0.740521327014218 0.4490713001797484 0.022906793048973143 0.011384062312762133
0 0.740521327014218 0.4670461354104254 0.03238546603475513 0.016177351707609346
0 0.7401263823064771 0.48711803475134813 0.023696682464454975 0.016776512881965248
0 0.740521327014218 0.5065907729179149 0.02448657187993681 0.012582384661473937
0 0.740521327014218 0.5269622528460156 0.0339652448657188 0.018573996405032954
0 0.740521327014218 0.5485320551228281 0.022906793048973143 0.014979029358897543
0 0.740521327014218 0.5686039544637508 0.022906793048973143 0.014379868184541643
0 0.7397314375987362 0.5877771120431396 0.03712480252764613 0.014379868184541643
0 0.7397314375987362 0.603654883163571 0.026066350710900472 0.008987417615338526
0 0.740521327014218 0.6210305572198922 0.022906793048973143 0.014979029358897543
0 0.740521327014218 0.640503295386459 0.022906793048973143 0.014379868184541643
0 0.7401263823064771 0.6608747753145596 0.023696682464454975 0.014379868184541643
0 0.740916271721959 0.6806470940683044 0.023696682464454975 0.015578190533253445
0 0.740521327014218 0.701318154583583 0.022906793048973143 0.014979029358897543
0 0.740521327014218 0.7210904733373278 0.022906793048973143 0.014979029358897543
0 0.740521327014218 0.7417615338526063 0.022906793048973143 0.015578190533253445
0 0.7401263823064771 0.7609346914319952 0.023696682464454975 0.014379868184541643
0 0.740521327014218 0.7816057519472739 0.022906793048973143 0.014979029358897543
0 0.7401263823064771 0.8013780707010186 0.022116903633491312 0.014979029358897543
0 0.7401263823064771 0.8217495506291193 0.022116903633491312 0.014979029358897543
0 0.740521327014218 0.841521869382864 0.022906793048973143 0.014979029358897543
0 0.740521327014218 0.8630916716596765 0.022906793048973143 0.014979029358897543
0 0.7401263823064771 0.8831635710005992 0.023696682464454975 0.014379868184541643
