0 0.4703791469194313 0.09227082085080887 0.07661927330173776 0.025164769322947873
0 0.3108214849921011 0.17765128819652487 0.07661927330173776 0.04134212103055722
0 0.3108214849921011 0.2225883762732175 0.07503949447077408 0.046135410425404436
0 0.33175355450236965 0.28070701018573996 0.11690363349131122 0.06411024565608149
0 0.33175355450236965 0.3499101258238466 0.11690363349131122 0.0695026962252846
0 0.21998420221169035 0.5218693828639904 0.06398104265402843 0.03714799281006591
0 0.3009478672985782 0.5817855002995806 0.053712480252764615 0.04433792690233673
0 0.3108214849921011 0.6360095865787897 0.07345971563981042 0.06171360095865788
0 0.31121642969984203 0.6998202516476932 0.07266982622432859 0.06111443978430198
0 0.30963665086887837 0.8556021569802277 0.06951026856240126 0.041941282204913125
