0 0.19036334913112163 0.1030557219892151 0.10742496050552923 0.06351108448172559
0 0.3313586097946287 0.10365488316357101 0.12085308056872038 0.08268424206111444
0 0.5714849921011058 0.09077291791491912 0.10821484992101106 0.048532055122828044
0 0.7464454976303317 0.08867585380467347 0.10426540284360189 0.04793289394847214
0 0.858609794628752 0.0865787896944278 0.11532385466034754 0.048532055122828044
0 0.5778041074249605 0.2444577591372079 0.07977883096366509 0.04913121629718394
0 0.7191943127962085 0.22828040742959857 0.08293838862559241 0.08268424206111444
0 0.8518957345971564 0.22828040742959857 0.08135860979462875 0.08268424206111444
0 0.19233807266982622 0.38795686039544636 0.174565560821485 0.06530856800479329
0 0.37598736176935227 0.3867585380467346 0.17061611374407581 0.059316956261234274
0 0.18404423380726698 0.47183942480527263 0.1484992101105845 0.05452366686638706
0 0.37085308056872035 0.4721390053924506 0.17140600315955765 0.07908927501497903
