0 0.22709320695102686 0.14559616536848413 0.12243285939968404 0.05751947273816657
0 0.3909952606635071 0.14379868184541642 0.0995260663507109 0.06351108448172559
0 0.5501579778830964 0.1431995206710605 0.10031595576619273 0.0683043738765728
0 0.6504739336492891 0.17106051527860994 0.07819905213270142 0.04134212103055722
0 0.7681674565560821 0.13690832834032354 0.13033175355450236 0.1012582384661474
0 0.3013428120063191 0.2537447573397244 0.15086887835703 0.09886159376872379
0 0.43483412322274884 0.2956860395446375 0.08293838862559241 0.05452366686638706
0 0.5742496050552922 0.2627321749550629 0.16903633491311215 0.11563810665068903
0 0.7756714060031595 0.24116237267825044 0.11374407582938388 0.06411024565608149
0 0.7476303317535545 0.28460155781905333 0.05134281200631911 0.026363091671659677
0 0.31319115323854657 0.43948472139005396 0.0924170616113744 0.048532055122828044
0 0.4498420221169036 0.4580587177950869 0.08293838862559241 0.05092869982025165
0 0.6488941548183255 0.475733972438586 0.20300157977883096 0.08508088675853805
0 0.5051342812006319 0.5721989215098862 0.0703001579778831 0.041941282204913125
0 0.6011058451816745 0.5689035350509287 0.09004739336492891 0.04973037747153985
0 0.6962875197472354 0.5659077291791492 0.08135860979462875 0.07968843618933494
