0 0.49960505529225907 0.12312762133013781 0.10505529225908372 0.06411024565608149
0 0.23736176935229067 0.3364289994008388 0.026066350710900472 0.019772318753744758
0 0.23696682464454977 0.3603954463750749 0.02527646129541864 0.011384062312762133
0 0.23696682464454977 0.38016776512881967 0.02843601895734597 0.01378070701018574
0 0.23736176935229067 0.40023966446974235 0.030805687203791468 0.015578190533253445
0 0.2377567140600316 0.4221090473337328 0.0315955766192733 0.016177351707609346
0 0.23696682464454977 0.4487717195925704 0.04739336492890995 0.015578190533253445
0 0.23736176935229067 0.47303774715398444 0.04818325434439179 0.016177351707609346
0 0.23657187993680884 0.4988016776512882 0.035545023696682464 0.019772318753744758
0 0.23696682464454977 0.5209706411024566 0.0315955766192733 0.018573996405032954
0 0.23696682464454977 0.542840023966447 0.037914691943127965 0.015578190533253445
0 0.2377567140600316 0.5641102456560815 0.03475513428120063 0.016177351707609346
0 0.669431279620853 0.640503295386459 0.05134281200631911 0.029958058717795086
0 0.5631911532385466 0.6851408028759737 0.05845181674565561 0.035350509286998205
0 0.21287519747235387 0.640503295386459 0.04344391785150079 0.03115638106650689
0 0.8483412322274881 0.6761533852606352 0.09794628751974724 0.07729179149191133
0 0.4214060031595577 0.7390653085680048 0.10821484992101106 0.07849011384062313
0 0.11255924170616113 0.805272618334332 0.05924170616113744 0.035949670461354104
0 0.28001579778830965 0.7645296584781306 0.060821484992101105 0.021569802276812464
0 0.11334913112164297 0.6752546434991012 0.05924170616113744 0.03714799281006591
0 0.22195892575039494 0.7258837627321749 0.0631911532385466 0.020970641102456562
0 0.28475513428120064 0.8007789095266626 0.04186413902053712 0.028160575194727384
