0 0.30055292259083727 0.09286998202516478 0.1018957345971564 0.05392450569203116
0 0.4589257503949447 0.08687837028160575 0.19115323854660346 0.04793289394847214
0 0.659952606635071 0.09376872378669862 0.179304897314376 0.04254044337926902
0 0.29976303317535546 0.1506890353505093 0.11137440758293839 0.04733373277411624
0 0.4565560821484992 0.15398442180946675 0.22432859399684044 0.04433792690233673
0 0.6642969984202212 0.15638106650689035 0.18325434439178515 0.05632115038945477
0 0.35308056872037913 0.22618334331935291 0.1579778830963665 0.056920311563810666
0 0.2578988941548183 0.36668663870581186 0.06872037914691943 0.03834631515877771
0 0.38783570300157977 0.36668663870581186 0.036334913112164295 0.05392450569203116
0 0.5252764612954186 0.3556021569802277 0.0631911532385466 0.04733373277411624
0 0.636650868878357 0.35710005991611743 0.06003159557661927 0.04793289394847214
0 0.7322274881516587 0.359796285200719 0.03317535545023697 0.05452366686638706
0 0.24210110584518166 0.4580587177950869 0.06240126382306477 0.04733373277411624
0 0.35624012638230645 0.4568603954463751 0.061611374407582936 0.046135410425404436
0 0.47393364928909953 0.4631515877771121 0.03317535545023697 0.05392450569203116
0 0.5975513428120063 0.45266626722588377 0.06398104265402843 0.046135410425404436
0 0.7318325434439178 0.4550629119233074 0.03238546603475513 0.053325344517675254
0 0.22472353870458137 0.5823846614739365 0.035545023696682464 0.09466746554823248
0 0.32622432859399686 0.579688436189335 0.04897314375987362 0.09766327142001198
0 0.4178515007898894 0.5829838226482924 0.03475513428120063 0.11743559017375674
