0 0.35031595576619273 0.1372079089275015 0.14139020537124802 0.0347513481126423
0 0.3499210110584518 0.1794487717195926 0.17061611374407581 0.029358897543439184
0 0.34557661927330174 0.22977831036548832 0.10979462875197472 0.03654883163571001
0 0.3566350710900474 0.2831036548831636 0.15402843601895735 0.048532055122828044
0 0.3617693522906793 0.31665668064709407 0.10900473933649289 0.035350509286998205
0 0.3542654028436019 0.36578789694427805 0.13981042654028436 0.05452366686638706
0 0.3404423380726698 0.4062312762133014 0.10268562401263823 0.04074295985620132
0 0.35624012638230645 0.4475733972438586 0.16587677725118483 0.02756141402037148
0 0.35347551342812006 0.49550629119233075 0.10821484992101106 0.046734571599760334
0 0.34873617693522907 0.5449370880766926 0.1287519747235387 0.04973037747153985
0 0.358609794628752 0.6024565608148592 0.10900473933649289 0.03774715398442181
0 0.3684834123222749 0.6476932294787298 0.09083728278041074 0.03115638106650689
0 0.3593996840442338 0.695026962252846 0.07740916271721959 0.033553025763930495
