0 0.28949447077409163 0.1360095865787897 0.09873617693522907 0.04793289394847214
0 0.39060031595576616 0.13810665068903535 0.038704581358609796 0.0701018573996405
0 0.5809636650868878 0.1384062312762133 0.0971563981042654 0.10784901138406232
0 0.4186413902053712 0.19682444577591374 0.06003159557661927 0.01378070701018574
0 0.41903633491311215 0.22049131216297185 0.060821484992101105 0.021569802276812464
0 0.41311216429699843 0.2414619532654284 0.044233807266982623 0.013181545835829839
0 0.584518167456556 0.20760934691431995 0.061611374407582936 0.014979029358897543
0 0.6947077409162717 0.2031156381066507 0.04186413902053712 0.011983223487118035
0 0.5864928909952607 0.2330736968244458 0.060821484992101105 0.02037147992810066
0 0.6958925750394944 0.23576992210904735 0.06003159557661927 0.029358897543439184
0 0.2918641390205371 0.3331336129418814 0.11769352290679305 0.046734571599760334
0 0.49447077409162715 0.3406231276213301 0.11690363349131122 0.06171360095865788
0 0.6883886255924171 0.3466147393648892 0.11769352290679305 0.0713001797483523
0 0.11453396524486571 0.5311563810665069 0.06003159557661927 0.023367285799880167
0 0.20853080568720378 0.542840023966447 0.03475513428120063 0.05392450569203116
0 0.3278041074249605 0.5494307968843619 0.07898894154818326 0.06710605152786099
0 0.4470774091627172 0.548831635710006 0.07109004739336493 0.06710605152786099
