0 0.22906793048973143 0.09346914319952067 0.13744075829383887 0.0659077291791492
0 0.3380726698262243 0.15278609946075494 0.13428120063191154 0.04913121629718394
0 0.11808846761453397 0.27980826842420614 0.05766192733017377 0.05152786099460755
0 0.22985781990521326 0.2810065907729179 0.09636650868878358 0.05512282804074296
0 0.3834913112164297 0.28280407429598564 0.10979462875197472 0.05512282804074296
0 0.5766192733017378 0.26632714200119834 0.12006319115323855 0.056920311563810666
0 0.7654028436018957 0.2738166566806471 0.11374407582938388 0.08388256440982625
0 0.5774091627172195 0.378070701018574 0.11374407582938388 0.08388256440982625
0 0.806477093206951 0.3864589574595566 0.19115323854660346 0.08268424206111444
0 0.5817535545023697 0.49071300179748356 0.11611374407582938 0.07309766327142002
0 0.8199052132701422 0.4949071300179749 0.19273301737756715 0.07070101857399641
0 0.1670616113744076 0.3579988016776513 0.165086887835703 0.07489514679448772
0 0.37756714060031593 0.3711803475134811 0.18009478672985782 0.07729179149191133
0 0.5730647709320695 0.6512881965248652 0.0339652448657188 0.05512282804074296
0 0.6619273301737757 0.6485919712402637 0.04107424960505529 0.07849011384062313
0 0.7578988941548183 0.6476932294787298 0.04186413902053712 0.07908927501497903
0 0.8526856240126383 0.6479928100659077 0.045023696682464455 0.07968843618933494
