0 0.3380726698262243 0.12043139604553625 0.24328593996840442 0.04553624925104853
0 0.5442338072669826 0.12133013780707011 0.15481832543443919 0.0341521869382864
0 0.6903633491311216 0.12222887956860395 0.12164296998420221 0.05152786099460755
0 0.28949447077409163 0.1737567405632115 0.1429699842022117 0.03115638106650689
0 0.4372037914691943 0.1743559017375674 0.15086887835703 0.029958058717795086
0 0.580173775671406 0.17525464349910128 0.12717219589257503 0.029358897543439184
0 0.716824644549763 0.17555422408627921 0.13191153238546605 0.03115638106650689
0 0.3127962085308057 0.23636908328340325 0.15639810426540285 0.04254044337926902
0 0.48459715639810425 0.2366686638705812 0.17140600315955765 0.03834631515877771
0 0.6658767772511848 0.2390653085680048 0.17061611374407581 0.04074295985620132
