0 0.3009478672985782 0.1189334931096465 0.10742496050552923 0.08088675853804674
0 0.4589257503949447 0.12103055721989216 0.16429699842022116 0.11743559017375674
0 0.6552132701421801 0.13870581186339126 0.15560821484992102 0.0701018573996405
0 0.3009478672985782 0.2708208508088676 0.10110584518167456 0.08388256440982625
0 0.49921011058451814 0.2639304973037747 0.08846761453396525 0.09406830437387657
0 0.6611374407582938 0.26632714200119834 0.10268562401263823 0.08687837028160575
0 0.3179304897314376 0.4134212103055722 0.16824644549763032 0.08867585380467347
0 0.5130331753554502 0.4050329538645896 0.10505529225908372 0.09107249850209706
0 0.6793048973143759 0.40952666267225885 0.17377567140600317 0.05452366686638706
0 0.2962085308056872 0.5707010185739965 0.09320695102685624 0.06411024565608149
0 0.4940758293838862 0.5698022768124625 0.09399684044233807 0.0659077291791492
0 0.6951026856240127 0.5695026962252846 0.11058451816745656 0.06530856800479329
0 0.4541864139020537 0.6530856800479329 0.1769352290679305 0.06470940683043738
