0 0.5 0.11054523666866388 0.10426540284360189 0.06411024565608149
0 0.25118483412322273 0.2189934092270821 0.04107424960505529 0.014979029358897543
0 0.25118483412322273 0.24295985620131816 0.036334913112164295 0.014979029358897543
0 0.25039494470774093 0.26632714200119834 0.03949447077409163 0.01378070701018574
0 0.25118483412322273 0.28999400838825645 0.04739336492890995 0.02037147992810066
0 0.24684044233807267 0.31455961653684844 0.045023696682464455 0.015578190533253445
0 0.24842022116903634 0.3364289994008388 0.045023696682464455 0.016177351707609346
0 0.2531595576619273 0.35949670461354105 0.04660347551342812 0.014379868184541643
0 0.25157977883096366 0.38705811863391254 0.03238546603475513 0.022768124625524265
0 0.25355450236966826 0.41252246854403835 0.04739336492890995 0.014979029358897543
0 0.25118483412322273 0.43319352905931696 0.04897314375987362 0.013181545835829839
0 0.25355450236966826 0.4568603954463751 0.037914691943127965 0.01737567405632115
0 0.2519747235387046 0.4787297783103655 0.04897314375987362 0.016776512881965248
