0 0.2721169036334913 0.09107249850209706 0.07187993680884676 0.025164769322947873
0 0.45221169036334913 0.09466746554823248 0.10031595576619273 0.025164769322947873
0 0.6544233807266983 0.09466746554823248 0.12243285939968404 0.025164769322947873
0 0.3795418641390205 0.16536848412222888 0.20774091627172195 0.03834631515877771
0 0.6789099526066351 0.17405632115038946 0.20774091627172195 0.05811863391252247
0 0.3890205371248025 0.27531455961653684 0.20616113744075829 0.053325344517675254
0 0.6777251184834123 0.2780107849011384 0.19589257503949448 0.05632115038945477
0 0.7061611374407583 0.32055122828040744 0.02843601895734597 0.026363091671659677
0 0.7065560821484992 0.3585979628520072 0.021327014218009477 0.0341521869382864
0 0.3048973143759874 0.4631515877771121 0.08688783570300158 0.04433792690233673
0 0.4695892575039494 0.4664469742360695 0.12085308056872038 0.04733373277411624
0 0.6678515007898894 0.4673457159976034 0.11611374407582938 0.046734571599760334
0 0.2804107424960505 0.5707010185739965 0.030015797788309637 0.046135410425404436
0 0.4060031595576619 0.561114439784302 0.12006319115323855 0.048532055122828044
0 0.6283570300157978 0.5653085680047933 0.16192733017377567 0.06291192330736968
0 0.3597946287519747 0.7031156381066507 0.160347551342812 0.06530856800479329
0 0.5951816745655608 0.7034152186938286 0.160347551342812 0.06351108448172559
0 0.6678515007898894 0.7483523067705213 0.029225908372827805 0.025164769322947873
0 0.6702211690363349 0.7723187537447573 0.02764612954186414 0.02396644697423607
0 0.6702211690363349 0.798981426003595 0.02448657187993681 0.025763930497303775
0 0.6729857819905213 0.823547034152187 0.026856240126382307 0.023367285799880167
0 0.6875987361769352 0.847513481126423 0.02764612954186414 0.023367285799880167
