0 0.25355450236966826 0.152486518873577 0.10268562401263823 0.019772318753744758
0 0.3953396524486572 0.10665068903535051 0.09399684044233807 0.05152786099460755
0 0.6793048973143759 0.10665068903535051 0.16903633491311215 0.06351108448172559
0 0.6702211690363349 0.20161773517076093 0.1382306477093207 0.04134212103055722
0 0.11295418641390205 0.3562013181545836 0.05687203791469194 0.020970641102456562
0 0.42496050552922593 0.36069502696225286 0.11690363349131122 0.05032953864589575
0 0.18167456556082148 0.41072498502097066 0.1579778830963665 0.04973037747153985
0 0.5734597156398105 0.36369083283403236 0.08372827804107424 0.03834631515877771
0 0.7859399684044234 0.3669862192929898 0.12322274881516587 0.02696225284601558
0 0.7950236966824644 0.47902935889754344 0.165086887835703 0.06171360095865788
0 0.5675355450236966 0.46375074895146795 0.0971563981042654 0.03834631515877771
