0 0.38981042654028436 0.15398442180946675 0.11611374407582938 0.06111443978430198
0 0.3902053712480253 0.2225883762732175 0.15165876777251186 0.05452366686638706
0 0.39060031595576616 0.28999400838825645 0.15876777251184834 0.05512282804074296
0 0.39060031595576616 0.34721390053924506 0.18088467614533965 0.053325344517675254
0 0.3929699842022117 0.4131216297183943 0.13981042654028436 0.05452366686638706
0 0.39060031595576616 0.48082684242061113 0.15876777251184834 0.05572198921509886
0 0.39257503949447076 0.5659077291791492 0.10426540284360189 0.035350509286998205
0 0.1749605055292259 0.6803475134811264 0.07819905213270142 0.029358897543439184
0 0.40086887835703 0.6782504493708807 0.05924170616113744 0.041941282204913125
0 0.2578988941548183 0.8484122228879569 0.09399684044233807 0.0659077291791492
0 0.40837282780410744 0.8472139005392451 0.10268562401263823 0.0683043738765728
