0 0.28278041074249605 0.5212702216896345 0.2559241706161137 0.04793289394847214
0 0.2823854660347551 0.5928699820251648 0.20458135860979462 0.048532055122828044
0 0.2677725118483412 0.7162971839424805 0.09004739336492891 0.0341521869382864
0 0.424565560821485 0.7165967645296585 0.0924170616113744 0.0347513481126423
0 0.5738546603475513 0.7165967645296585 0.09399684044233807 0.0347513481126423
0 0.7286729857819905 0.7165967645296585 0.09399684044233807 0.035949670461354104
0 0.2835703001579779 0.7926902336728581 0.0679304897314376 0.0347513481126423
0 0.424565560821485 0.793289394847214 0.09083728278041074 0.035949670461354104
0 0.5738546603475513 0.7920910724985021 0.0924170616113744 0.033553025763930495
0 0.7282780410742496 0.793289394847214 0.09162717219589257 0.033553025763930495
0 0.33965244865718797 0.8738765727980827 0.09004739336492891 0.0341521869382864
0 0.49644549763033174 0.8738765727980827 0.09083728278041074 0.0341521869382864
0 0.6484992101105845 0.8744757339724386 0.08688783570300158 0.0341521869382864
