0 0.2883096366508689 0.1030557219892151 0.11848341232227488 0.03235470341521869
0 0.41311216429699843 0.1018573996405033 0.09320695102685624 0.033553025763930495
0 0.6627172195892574 0.10724985020970641 0.2116903633491311 0.03115638106650689
0 0.27764612954186413 0.22917914919113241 0.10821484992101106 0.06051527860994608
0 0.46484992101105843 0.23217495506291194 0.17772511848341233 0.06051527860994608
0 0.6824644549763033 0.23127621330137807 0.18325434439178515 0.05991611743559017
0 0.25631911532385465 0.4128220491312163 0.09557661927330173 0.04433792690233673
0 0.41903633491311215 0.42001198322348715 0.14770932069510267 0.0683043738765728
0 0.6615323854660348 0.3885560215698023 0.16192733017377567 0.03774715398442181
0 0.6646919431279621 0.43529059316956265 0.160347551342812 0.03894547633313361
