0 0.2330173775671406 0.1488915518274416 0.10268562401263823 0.019772318753744758
0 0.3637440758293839 0.14289994008388257 0.07503949447077408 0.029358897543439184
0 0.6891785150078988 0.1482923906530857 0.14139020537124802 0.0329538645895746
0 0.2871248025276461 0.3331336129418814 0.08925750394944708 0.039544637507489516
0 0.6615323854660348 0.3301378070701019 0.19352290679304898 0.08268424206111444
0 0.4470774091627172 0.44727381665668065 0.08688783570300158 0.0701018573996405
0 0.7369668246445498 0.4487717195925704 0.12322274881516587 0.05991611743559017
0 0.5916271721958926 0.47423606950269626 0.08688783570300158 0.035350509286998205
0 0.45734597156398105 0.561114439784302 0.12480252764612954 0.09047333732774117
0 0.7373617693522907 0.5614140203714799 0.160347551342812 0.09107249850209706
0 0.21958925750394945 0.6803475134811264 0.09636650868878358 0.016177351707609346
0 0.3684834123222749 0.6722588376273217 0.07503949447077408 0.029958058717795086
0 0.6303317535545023 0.6761533852606352 0.14218009478672985 0.035350509286998205
0 0.20813586097946288 0.7636309167165968 0.07345971563981042 0.01737567405632115
0 0.6686413902053713 0.8367285799880168 0.21406003159557663 0.03894547633313361
