0 0.16153238546603474 0.12432594367884961 0.038704581358609796 0.053325344517675254
0 0.23104265402843602 0.12672258837627323 0.06398104265402843 0.04493708807669263
0 0.3617693522906793 0.12702216896345117 0.11848341232227488 0.05392450569203116
0 0.7152448657187993 0.08777711204313961 0.12717219589257503 0.053325344517675254
0 0.16785150078988942 0.2732174955062912 0.04186413902053712 0.05152786099460755
0 0.23894154818325433 0.2780107849011384 0.04818325434439179 0.05632115038945477
0 0.3625592417061611 0.27860994607549433 0.11216429699842022 0.05152786099460755
0 0.60347551342812 0.2189934092270821 0.04107424960505529 0.05092869982025165
0 0.6729857819905213 0.22408627920910726 0.04897314375987362 0.04913121629718394
0 0.792654028436019 0.22588376273217495 0.11137440758293839 0.052726183343319355
0 0.608609794628752 0.3753744757339724 0.04028436018957346 0.05092869982025165
0 0.740916271721959 0.37657279808268423 0.07582938388625593 0.05212702216896345
0 0.8210900473933649 0.37058118633912523 0.038704581358609796 0.053325344517675254
0 0.7890995260663507 0.44367884961054527 0.11058451816745656 0.05092869982025165
