0 0.31516587677725116 0.1189334931096465 0.08056872037914692 0.046135410425404436
0 0.31516587677725116 0.17555422408627921 0.08056872037914692 0.05032953864589575
0 0.32661927330173773 0.2402636309167166 0.10347551342812006 0.05392450569203116
0 0.32582938388625593 0.3013780707010186 0.10505529225908372 0.05632115038945477
0 0.325434439178515 0.36129418813660874 0.10426540284360189 0.05512282804074296
0 0.32503949447077407 0.4227082085080887 0.10347551342812006 0.06051527860994608
0 0.34162717219589256 0.48502097064110244 0.1334913112164297 0.05572198921509886
0 0.3203001579778831 0.6566806470940684 0.09083728278041074 0.046734571599760334
0 0.31003159557661925 0.7456560814859198 0.07187993680884676 0.04254044337926902
0 0.4589257503949447 0.694727381665668 0.08214849921011058 0.016177351707609346
