0 0.25829383886255924 0.13750748951467945 0.08846761453396525 0.07489514679448772
0 0.415086887835703 0.14709406830437388 0.08925750394944708 0.10005991611743559
0 0.5359399684044234 0.13391252246854404 0.052922590837282776 0.02696225284601558
0 0.7322274881516587 0.12103055721989216 0.05687203791469194 0.05751947273816657
0 0.7326224328593997 0.2031156381066507 0.07661927330173776 0.06111443978430198
0 0.6398104265402843 0.12222887956860395 0.05529225908372828 0.05512282804074296
0 0.18838862559241706 0.3466147393648892 0.07503949447077408 0.07369682444577591
0 0.30015797788309634 0.3433193529059317 0.052132701421800945 0.025164769322947873
0 0.18878357030015797 0.5236668663870582 0.08688783570300158 0.09227082085080887
0 0.3617693522906793 0.5296584781306172 0.11690363349131122 0.10665068903535051
