0 0.27883096366508686 0.10994607549430797 0.06477093206951026 0.04493708807669263
0 0.44273301737756715 0.10994607549430797 0.10031595576619273 0.048532055122828044
0 0.6465244865718799 0.11983223487118035 0.11611374407582938 0.0695026962252846
0 0.42496050552922593 0.1896345116836429 0.15481832543443919 0.0665068903535051
0 0.6327014218009479 0.1896345116836429 0.14691943127962084 0.06530856800479329
0 0.43562401263823064 0.2938885560215698 0.17614533965244866 0.0677052127022169
0 0.6642969984202212 0.292690233672858 0.17851500789889416 0.0677052127022169
0 0.3080568720379147 0.44427801078490115 0.03317535545023697 0.05572198921509886
0 0.42851500789889413 0.45236668663870583 0.04344391785150079 0.07908927501497903
0 0.5722748815165877 0.44937088076692633 0.165086887835703 0.06351108448172559
0 0.33886255924170616 0.5970641102456561 0.18641390205371247 0.11563810665068903
0 0.6101895734597156 0.597663271420012 0.179304897314376 0.11803475134811264
0 0.5746445497630331 0.7591372079089275 0.030805687203791468 0.05512282804074296
0 0.6848341232227488 0.7621330137807071 0.036334913112164295 0.06111443978430198
0 0.806477093206951 0.7588376273217495 0.037914691943127965 0.0713001797483523
0 0.7057661927330173 0.810964649490713 0.060821484992101105 0.029358897543439184
0 0.8420221169036335 0.8097663271420013 0.06003159557661927 0.028160575194727384
0 0.7037914691943128 0.8484122228879569 0.06003159557661927 0.0347513481126423
0 0.6966824644549763 0.8759736369083284 0.045813586097946286 0.014379868184541643
0 0.8412322274881516 0.8460155781905333 0.061611374407582936 0.033553025763930495
0 0.8360979462875198 0.8756740563211504 0.045023696682464455 0.012582384661473937
